0,-1,-1
1,-1,-1
2,-1,-1
3,-1,-1
4,-1,-1
5,-1,-1
6,-1,-1
7,-1,-1
8,-1,-1
9,-1,-1
10,-1,-1
11,-1,-1
12,-1,-1
13,-1,-1
14,-1,-1
15,-1,-1
16,-1,-1
17,-1,-1
18,-1,-1
19,-1,-1
20,-1,-1
21,-1,-1
22,-1,-1
23,-1,-1
24,-1,-1
25,-1,-1
26,-1,-1
27,-1,-1
28,-1,-1
29,-1,-1
30,-1,-1
31,-1,-1
32,-1,-1
33,-1,-1
34,-1,-1
35,-1,-1
36,-1,-1
37,-1,-1
38,-1,-1
39,-1,-1
40,-1,-1
41,-1,-1
42,-1,-1
43,-1,-1
44,-1,-1
45,-1,-1
46,-1,-1
47,-1,-1
48,-1,-1
49,-1,-1
50,-1,-1
51,-1,-1
52,-1,-1
53,-1,-1
54,-1,-1
55,-1,-1
56,-1,-1
57,-1,-1
58,-1,-1
59,-1,-1
60,-1,-1
61,-1,-1
62,-1,-1
63,-1,-1
64,-1,-1
65,-1,-1
66,-1,-1
67,-1,-1
68,-1,-1
69,-1,-1
70,-1,-1
71,-1,-1
72,-1,-1
73,-1,-1
74,-1,-1
75,-1,-1
76,-1,-1
77,-1,-1
78,-1,-1
79,-1,-1
80,-1,-1
81,-1,-1
82,-1,-1
83,-1,-1
84,-1,-1
85,-1,-1
86,-1,-1
87,-1,-1
88,-1,-1
89,-1,-1
90,-1,-1
91,-1,-1
92,-1,-1
93,-1,-1
94,-1,-1
95,-1,-1
96,-1,-1
97,-1,-1
98,-1,-1
99,-1,-1
100,-1,-1
101,-1,-1
102,-1,-1
103,-1,-1
104,-1,-1
105,-1,-1
106,-1,-1
107,-1,-1
108,-1,-1
109,-1,-1
110,-1,-1
111,-1,-1
112,-1,-1
113,-1,-1
114,-1,-1
115,-1,-1
116,-1,-1
117,-1,-1
118,-1,-1
119,-1,-1
120,-1,-1
121,-1,-1
122,-1,-1
123,-1,-1
124,-1,-1
125,-1,-1
126,-1,-1
127,-1,-1
128,-1,-1
129,-1,-1
130,-1,-1
131,-1,-1
132,-1,-1
133,-1,-1
134,-1,-1
135,-1,-1
136,-1,-1
137,-1,-1
138,-1,-1
139,-1,-1
140,-1,-1
141,-1,-1
142,-1,-1
143,-1,-1
144,-1,-1
145,-1,-1
146,-1,-1
147,-1,-1
148,-1,-1
149,-1,-1
150,-1,-1
151,-1,-1
152,-1,-1
153,-1,-1
154,-1,-1
155,-1,-1
156,-1,-1
157,-1,-1
158,-1,-1
159,-1,-1
160,-1,-1
161,-1,-1
162,-1,-1
163,-1,-1
164,-1,-1
165,-1,-1
166,-1,-1
167,-1,-1
168,-1,-1
169,-1,-1
170,-1,-1
171,-1,-1
172,-1,-1
173,-1,-1
174,-1,-1
175,-1,-1
176,-1,-1
177,-1,-1
178,-1,-1
179,-1,-1
180,-1,-1
181,-1,-1
182,-1,-1
183,-1,-1
184,-1,-1
185,-1,-1
186,-1,-1
187,-1,-1
188,-1,-1
189,-1,-1
190,-1,-1
191,-1,-1
192,-1,-1
193,-1,-1
194,-1,-1
195,-1,-1
196,-1,-1
197,-1,-1
198,-1,-1
199,-1,-1
200,-1,-1
201,-1,-1
202,-1,-1
203,-1,-1
204,-1,-1
205,-1,-1
206,-1,-1
207,-1,-1
208,-1,-1
209,-1,-1
210,-1,-1
211,-1,-1
212,-1,-1
213,-1,-1
214,-1,-1
215,-1,-1
216,-1,-1
217,-1,-1
218,-1,-1
219,-1,-1
220,-1,-1
221,-1,-1
222,-1,-1
223,-1,-1
224,-1,-1
225,-1,-1
226,-1,-1
227,-1,-1
228,-1,-1
229,-1,-1
230,-1,-1
231,-1,-1
232,-1,-1
233,-1,-1
234,-1,-1
235,-1,-1
236,-1,-1
237,-1,-1
238,-1,-1
239,-1,-1
240,-1,-1
241,-1,-1
242,-1,-1
243,-1,-1
244,-1,-1
245,-1,-1
246,-1,-1
247,-1,-1
248,-1,-1
249,-1,-1
250,-1,-1
251,-1,-1
252,-1,-1
253,-1,-1
254,-1,-1
255,-1,-1
256,-1,-1
257,-1,-1
258,-1,-1
259,-1,-1
260,-1,-1
261,-1,-1
262,-1,-1
263,-1,-1
264,-1,-1
265,-1,-1
266,-1,-1
267,-1,-1
268,-1,-1
269,-1,-1
270,-1,-1
271,-1,-1
272,-1,-1
273,-1,-1
274,-1,-1
275,-1,-1
276,-1,-1
277,-1,-1
278,-1,-1
279,-1,-1
280,-1,-1
281,-1,-1
282,-1,-1
283,-1,-1
284,-1,-1
285,-1,-1
286,-1,-1
287,-1,-1
288,-1,-1
289,-1,-1
290,-1,-1
291,-1,-1
292,-1,-1
293,-1,-1
294,-1,-1
295,-1,-1
296,-1,-1
297,-1,-1
298,-1,-1
299,-1,-1
300,-1,-1
301,-1,-1
302,-1,-1
303,-1,-1
304,-1,-1
305,-1,-1
306,-1,-1
307,-1,-1
308,-1,-1
309,-1,-1
310,-1,-1
311,-1,-1
312,-1,-1
313,-1,-1
314,-1,-1
315,-1,-1
316,-1,-1
317,-1,-1
318,-1,-1
319,-1,-1
320,-1,-1
321,-1,-1
322,-1,-1
323,-1,-1
324,-1,-1
325,-1,-1
326,-1,-1
327,-1,-1
328,-1,-1
329,-1,-1
330,-1,-1
331,-1,-1
332,-1,-1
333,-1,-1
334,-1,-1
335,-1,-1
336,-1,-1
337,-1,-1
338,-1,-1
339,-1,-1
340,-1,-1
341,-1,-1
342,-1,-1
343,-1,-1
344,-1,-1
345,-1,-1
346,-1,-1
347,-1,-1
348,-1,-1
349,-1,-1
350,-1,-1
351,-1,-1
352,-1,-1
353,-1,-1
354,-1,-1
355,-1,-1
356,-1,-1
357,-1,-1
358,-1,-1
359,-1,-1
360,-1,-1
361,-1,-1
362,-1,-1
363,-1,-1
364,-1,-1
365,-1,-1
366,-1,-1
367,-1,-1
368,-1,-1
369,-1,-1
370,-1,-1
371,-1,-1
372,-1,-1
373,-1,-1
374,-1,-1
375,-1,-1
376,-1,-1
377,-1,-1
378,-1,-1
379,-1,-1
380,-1,-1
381,-1,-1
382,-1,-1
383,-1,-1
384,-1,-1
385,-1,-1
386,-1,-1
387,-1,-1
388,-1,-1
389,-1,-1
390,-1,-1
391,-1,-1
392,-1,-1
393,-1,-1
394,-1,-1
395,-1,-1
396,-1,-1
397,-1,-1
398,-1,-1
399,-1,-1
400,-1,-1
401,-1,-1
402,-1,-1
403,-1,-1
404,-1,-1
405,-1,-1
406,-1,-1
407,-1,-1
408,-1,-1
409,-1,-1
410,-1,-1
411,-1,-1
412,-1,-1
413,-1,-1
414,-1,-1
415,-1,-1
416,-1,-1
417,-1,-1
418,-1,-1
419,-1,-1
420,-1,-1
421,-1,-1
422,-1,-1
423,-1,-1
424,-1,-1
425,-1,-1
426,-1,-1
427,-1,-1
428,-1,-1
429,-1,-1
430,-1,-1
431,-1,-1
432,-1,-1
433,-1,-1
434,-1,-1
435,-1,-1
436,-1,-1
437,-1,-1
438,-1,-1
439,-1,-1
440,-1,-1
441,-1,-1
442,-1,-1
443,-1,-1
444,-1,-1
445,-1,-1
446,-1,-1
447,-1,-1
448,-1,-1
449,-1,-1
450,-1,-1
451,-1,-1
452,-1,-1
453,-1,-1
454,-1,-1
455,-1,-1
456,-1,-1
457,-1,-1
458,-1,-1
459,-1,-1
460,-1,-1
461,-1,-1
462,-1,-1
463,-1,-1
464,-1,-1
465,-1,-1
466,-1,-1
467,-1,-1
468,-1,-1
469,-1,-1
470,-1,-1
471,-1,-1
472,-1,-1
473,-1,-1
474,-1,-1
475,-1,-1
476,-1,-1
477,-1,-1
478,-1,-1
479,-1,-1
480,-1,-1
481,-1,-1
482,-1,-1
483,-1,-1
484,-1,-1
485,-1,-1
486,-1,-1
487,-1,-1
488,-1,-1
489,-1,-1
490,-1,-1
491,-1,-1
492,-1,-1
493,-1,-1
494,-1,-1
495,-1,-1
496,-1,-1
497,-1,-1
498,-1,-1
499,-1,-1
500,-1,-1
501,-1,-1
502,-1,-1
503,-1,-1
504,-1,-1
505,-1,-1
506,-1,-1
507,-1,-1
508,-1,-1
509,-1,-1
510,-1,-1
511,-1,-1
512,130,438
513,263,128
514,139,320
515,222,427
516,89,392
517,129,272
518,119,384
519,154,489
520,504,315
521,250,395
522,86,64
523,90,15
524,263,462
525,266,461
526,517,307
527,27,467
528,431,77
529,376,342
530,438,370
531,230,27
532,343,24
533,177,221
534,432,518
535,479,399
536,301,184
537,107,112
538,263,238
539,435,201
540,483,230
541,272,212
542,5,154
543,121,338
544,301,255
545,375,319
546,451,182
547,183,338
548,163,469
549,195,336
550,324,39
551,510,160
552,357,270
553,93,151
554,112,154
555,360,547
556,64,187
557,453,53
558,468,490
559,158,25
560,279,449
561,212,477
562,457,407
563,183,450
564,134,482
565,446,293
566,140,145
567,534,482
568,446,246
569,296,470
570,18,557
571,548,185
572,253,277
573,352,523
574,161,78
575,393,55
576,149,335
577,183,555
578,60,0
579,411,132
580,201,193
581,8,389
582,448,408
583,218,2
584,1,265
585,342,241
586,480,374
587,272,267
588,170,235
589,311,188
590,339,337
591,402,576
592,110,122
593,437,440
594,282,90
595,349,273
596,218,17
597,448,212
598,425,188
599,54,2
600,231,285
601,252,600
602,248,30
603,148,426
604,274,61
605,327,578
606,169,202
607,410,487
608,115,275
609,322,377
610,79,306
611,213,456
612,179,229
613,188,82
614,169,241
615,317,180
616,594,188
617,167,164
618,151,360
619,410,521
620,395,416
621,214,281
622,163,29
623,305,566
624,607,434
625,74,608
626,401,411
627,140,581
628,435,516
629,575,119
630,440,558
631,30,85
632,39,221
633,515,556
634,526,468
635,60,171
636,556,402
637,483,168
638,318,236
639,598,360
640,453,237
641,113,39
642,572,612
643,272,17
644,466,518
645,234,244
646,248,11
647,592,344
648,59,600
649,166,589
650,395,418
651,201,394
652,489,47
653,298,397
654,162,383
655,398,23
656,430,410
657,477,539
658,503,615
659,203,294
660,17,40
661,356,55
662,89,94
663,459,520
664,409,434
665,158,473
666,157,356
667,403,2
668,208,262
669,393,348
670,442,426
671,219,45
672,232,108
673,247,373
674,608,451
675,267,296
676,550,41
677,400,280
678,181,415
679,417,610
680,106,180
681,596,30
682,211,197
683,359,146
684,143,7
685,50,21
686,623,421
687,471,230
688,103,31
689,497,5
690,356,57
691,433,68
692,233,663
693,491,436
694,469,148
695,302,539
696,465,480
697,400,112
698,603,680
699,216,690
700,211,454
701,536,132
702,110,237
703,29,589
704,462,358
705,610,326
706,220,699
707,652,547
708,129,301
709,565,276
710,192,662
711,244,303
712,29,363
713,64,372
714,135,123
715,676,49
716,650,705
717,150,658
718,426,471
719,51,382
720,268,7
721,39,622
722,305,257
723,513,399
724,570,433
725,263,226
726,27,556
727,586,54
728,545,459
729,234,488
730,49,274
731,528,546
732,400,371
733,62,80
734,150,365
735,660,350
736,545,580
737,499,639
738,347,138
739,158,617
740,568,567
741,156,634
742,160,329
743,103,543
744,525,295
745,200,476
746,345,135
747,111,241
748,286,477
749,542,611
750,675,710
751,369,485
752,470,385
753,92,701
754,498,690
755,650,361
756,151,698
757,728,37
758,492,282
759,674,401
760,602,430
761,517,731
762,95,197
763,48,204
764,38,179
765,287,620
766,720,617
767,728,249
768,375,397
769,579,167
770,41,205
771,224,153
772,619,121
773,245,80
774,669,543
775,603,74
776,129,469
777,366,215
778,578,696
779,762,676
780,503,212
781,765,268
782,383,335
783,344,493
784,430,648
785,45,711
786,638,469
787,277,566
788,419,117
789,408,7
790,405,205
791,7,67
792,515,563
793,7,377
794,190,45
795,284,96
796,770,344
797,752,487
798,584,191
799,602,541
800,642,328
801,662,678
802,52,257
803,343,85
804,290,231
805,761,288
806,132,444
807,352,475
808,715,654
809,517,457
810,385,280
811,233,705
812,392,131
813,190,535
814,525,589
815,767,217
816,811,5
817,204,16
818,784,109
819,475,622
820,15,418
821,718,602
822,211,768
823,111,523
824,763,704
825,304,597
826,662,533
827,168,461
828,646,385
829,509,615
830,635,194
831,520,547
832,741,157
833,371,126
834,505,831
835,108,258
836,451,337
837,572,503
838,695,237
839,203,139
840,432,343
841,596,541
842,621,145
843,802,501
844,723,4
845,751,83
846,703,647
847,401,130
848,364,304
849,384,471
850,432,772
851,642,805
852,107,371
853,75,775
854,56,281
855,546,286
856,421,42
857,131,826
858,90,693
859,378,370
860,257,425
861,100,632
862,123,632
863,603,58
864,720,249
865,653,602
866,39,180
867,191,828
868,86,527
869,23,629
870,682,683
871,501,55
872,673,13
873,0,578
874,128,649
875,473,815
876,569,154
877,623,232
878,164,665
879,260,289
880,701,697
881,397,459
882,446,454
883,660,831
884,173,228
885,418,464
886,188,94
887,795,535
888,653,163
889,182,43
890,154,211
891,845,733
892,134,476
893,733,323
894,591,711
895,679,270
896,748,749
897,358,125
898,433,859
899,142,763
900,558,52
901,173,413
902,450,496
903,92,418
904,330,34
905,271,342
906,89,585
907,241,351
908,279,460
909,184,334
910,806,398
911,696,129
912,583,10
913,447,670
914,699,727
915,845,702
916,532,248
917,853,299
918,690,237
919,674,697
920,655,523
921,148,775
922,94,253
923,912,362
924,920,82
925,333,244
926,82,704
927,552,528
928,893,148
929,271,815
930,104,810
931,70,290
932,72,487
933,509,605
934,683,620
935,185,262
936,903,352
937,238,329
938,908,166
939,175,882
940,357,905
941,460,681
942,658,461
943,492,826
944,50,276
945,137,408
946,184,263
947,95,696
948,51,189
949,192,226
950,880,744
951,591,753
952,105,398
953,287,666
954,902,682
955,650,238
956,600,624
957,835,666
958,538,167
959,899,893
960,818,638
961,101,303
962,277,423
963,248,91
964,311,656
965,592,292
966,25,127
967,751,926
968,787,132
969,101,653
970,325,340
971,87,803
972,917,941
973,610,417
974,124,478
975,104,418
976,68,511
977,637,208
978,587,520
979,553,267
980,196,888
981,95,721
982,183,70
983,615,790
984,768,71
985,591,371
986,778,312
987,947,921
988,456,497
989,231,920
990,563,625
991,24,288
992,576,479
993,126,174
994,834,576
995,69,95
996,534,544
997,515,42
998,900,900
999,651,417
1000,232,841
1001,820,182
1002,330,548
1003,499,469
1004,234,27
1005,215,56
1006,760,549
1007,974,702
1008,122,966
1009,617,387
1010,742,364
1011,736,523
1012,201,116
1013,333,686
1014,774,500
1015,104,750
1016,277,120
1017,482,102
1018,351,663
1019,50,542
1020,706,83
1021,624,172
1022,810,901
1023,794,496
