0,-1,-1
1,-1,-1
2,-1,-1
3,-1,-1
4,-1,-1
5,-1,-1
6,-1,-1
7,-1,-1
8,-1,-1
9,-1,-1
10,-1,-1
11,-1,-1
12,-1,-1
13,-1,-1
14,-1,-1
15,-1,-1
16,-1,-1
17,-1,-1
18,-1,-1
19,-1,-1
20,-1,-1
21,-1,-1
22,-1,-1
23,-1,-1
24,-1,-1
25,-1,-1
26,-1,-1
27,-1,-1
28,-1,-1
29,-1,-1
30,-1,-1
31,-1,-1
32,-1,-1
33,-1,-1
34,-1,-1
35,-1,-1
36,-1,-1
37,-1,-1
38,-1,-1
39,-1,-1
40,-1,-1
41,-1,-1
42,-1,-1
43,-1,-1
44,-1,-1
45,-1,-1
46,-1,-1
47,-1,-1
48,-1,-1
49,-1,-1
50,-1,-1
51,-1,-1
52,-1,-1
53,-1,-1
54,-1,-1
55,-1,-1
56,-1,-1
57,-1,-1
58,-1,-1
59,-1,-1
60,-1,-1
61,-1,-1
62,-1,-1
63,-1,-1
64,-1,-1
65,-1,-1
66,-1,-1
67,-1,-1
68,-1,-1
69,-1,-1
70,-1,-1
71,-1,-1
72,-1,-1
73,-1,-1
74,-1,-1
75,-1,-1
76,-1,-1
77,-1,-1
78,-1,-1
79,-1,-1
80,-1,-1
81,-1,-1
82,-1,-1
83,-1,-1
84,-1,-1
85,-1,-1
86,-1,-1
87,-1,-1
88,-1,-1
89,-1,-1
90,-1,-1
91,-1,-1
92,-1,-1
93,-1,-1
94,-1,-1
95,-1,-1
96,-1,-1
97,-1,-1
98,-1,-1
99,-1,-1
100,-1,-1
101,-1,-1
102,-1,-1
103,-1,-1
104,-1,-1
105,-1,-1
106,-1,-1
107,-1,-1
108,-1,-1
109,-1,-1
110,-1,-1
111,-1,-1
112,-1,-1
113,-1,-1
114,-1,-1
115,-1,-1
116,-1,-1
117,-1,-1
118,-1,-1
119,-1,-1
120,-1,-1
121,-1,-1
122,-1,-1
123,-1,-1
124,-1,-1
125,-1,-1
126,-1,-1
127,-1,-1
128,-1,-1
129,-1,-1
130,-1,-1
131,-1,-1
132,-1,-1
133,-1,-1
134,-1,-1
135,-1,-1
136,-1,-1
137,-1,-1
138,-1,-1
139,-1,-1
140,-1,-1
141,-1,-1
142,-1,-1
143,-1,-1
144,-1,-1
145,-1,-1
146,-1,-1
147,-1,-1
148,-1,-1
149,-1,-1
150,-1,-1
151,-1,-1
152,-1,-1
153,-1,-1
154,-1,-1
155,-1,-1
156,-1,-1
157,-1,-1
158,-1,-1
159,-1,-1
160,-1,-1
161,-1,-1
162,-1,-1
163,-1,-1
164,-1,-1
165,-1,-1
166,-1,-1
167,-1,-1
168,-1,-1
169,-1,-1
170,-1,-1
171,-1,-1
172,-1,-1
173,-1,-1
174,-1,-1
175,-1,-1
176,-1,-1
177,-1,-1
178,-1,-1
179,-1,-1
180,-1,-1
181,-1,-1
182,-1,-1
183,-1,-1
184,-1,-1
185,-1,-1
186,-1,-1
187,-1,-1
188,-1,-1
189,-1,-1
190,-1,-1
191,-1,-1
192,-1,-1
193,-1,-1
194,-1,-1
195,-1,-1
196,-1,-1
197,-1,-1
198,-1,-1
199,-1,-1
200,-1,-1
201,-1,-1
202,-1,-1
203,-1,-1
204,-1,-1
205,-1,-1
206,-1,-1
207,-1,-1
208,-1,-1
209,-1,-1
210,-1,-1
211,-1,-1
212,-1,-1
213,-1,-1
214,-1,-1
215,-1,-1
216,-1,-1
217,-1,-1
218,-1,-1
219,-1,-1
220,-1,-1
221,-1,-1
222,-1,-1
223,-1,-1
224,-1,-1
225,-1,-1
226,-1,-1
227,-1,-1
228,-1,-1
229,-1,-1
230,-1,-1
231,-1,-1
232,-1,-1
233,-1,-1
234,-1,-1
235,-1,-1
236,-1,-1
237,-1,-1
238,-1,-1
239,-1,-1
240,-1,-1
241,-1,-1
242,-1,-1
243,-1,-1
244,-1,-1
245,-1,-1
246,-1,-1
247,-1,-1
248,-1,-1
249,-1,-1
250,-1,-1
251,-1,-1
252,-1,-1
253,-1,-1
254,-1,-1
255,-1,-1
256,-1,-1
257,-1,-1
258,-1,-1
259,-1,-1
260,-1,-1
261,-1,-1
262,-1,-1
263,-1,-1
264,-1,-1
265,-1,-1
266,-1,-1
267,-1,-1
268,-1,-1
269,-1,-1
270,-1,-1
271,-1,-1
272,-1,-1
273,-1,-1
274,-1,-1
275,-1,-1
276,-1,-1
277,-1,-1
278,-1,-1
279,-1,-1
280,-1,-1
281,-1,-1
282,-1,-1
283,-1,-1
284,-1,-1
285,-1,-1
286,-1,-1
287,-1,-1
288,-1,-1
289,-1,-1
290,-1,-1
291,-1,-1
292,-1,-1
293,-1,-1
294,-1,-1
295,-1,-1
296,-1,-1
297,-1,-1
298,-1,-1
299,-1,-1
300,-1,-1
301,-1,-1
302,-1,-1
303,-1,-1
304,-1,-1
305,-1,-1
306,-1,-1
307,-1,-1
308,-1,-1
309,-1,-1
310,-1,-1
311,-1,-1
312,-1,-1
313,-1,-1
314,-1,-1
315,-1,-1
316,-1,-1
317,-1,-1
318,-1,-1
319,-1,-1
320,-1,-1
321,-1,-1
322,-1,-1
323,-1,-1
324,-1,-1
325,-1,-1
326,-1,-1
327,-1,-1
328,-1,-1
329,-1,-1
330,-1,-1
331,-1,-1
332,-1,-1
333,-1,-1
334,-1,-1
335,-1,-1
336,-1,-1
337,-1,-1
338,-1,-1
339,-1,-1
340,-1,-1
341,-1,-1
342,-1,-1
343,-1,-1
344,-1,-1
345,-1,-1
346,-1,-1
347,-1,-1
348,-1,-1
349,-1,-1
350,-1,-1
351,-1,-1
352,-1,-1
353,-1,-1
354,-1,-1
355,-1,-1
356,-1,-1
357,-1,-1
358,-1,-1
359,-1,-1
360,-1,-1
361,-1,-1
362,-1,-1
363,-1,-1
364,-1,-1
365,-1,-1
366,-1,-1
367,-1,-1
368,-1,-1
369,-1,-1
370,-1,-1
371,-1,-1
372,-1,-1
373,-1,-1
374,-1,-1
375,-1,-1
376,-1,-1
377,-1,-1
378,-1,-1
379,-1,-1
380,-1,-1
381,-1,-1
382,-1,-1
383,-1,-1
384,-1,-1
385,-1,-1
386,-1,-1
387,-1,-1
388,-1,-1
389,-1,-1
390,-1,-1
391,-1,-1
392,-1,-1
393,-1,-1
394,-1,-1
395,-1,-1
396,-1,-1
397,-1,-1
398,-1,-1
399,-1,-1
400,-1,-1
401,-1,-1
402,-1,-1
403,-1,-1
404,-1,-1
405,-1,-1
406,-1,-1
407,-1,-1
408,-1,-1
409,-1,-1
410,-1,-1
411,-1,-1
412,-1,-1
413,-1,-1
414,-1,-1
415,-1,-1
416,-1,-1
417,-1,-1
418,-1,-1
419,-1,-1
420,-1,-1
421,-1,-1
422,-1,-1
423,-1,-1
424,-1,-1
425,-1,-1
426,-1,-1
427,-1,-1
428,-1,-1
429,-1,-1
430,-1,-1
431,-1,-1
432,-1,-1
433,-1,-1
434,-1,-1
435,-1,-1
436,-1,-1
437,-1,-1
438,-1,-1
439,-1,-1
440,-1,-1
441,-1,-1
442,-1,-1
443,-1,-1
444,-1,-1
445,-1,-1
446,-1,-1
447,-1,-1
448,-1,-1
449,-1,-1
450,-1,-1
451,-1,-1
452,-1,-1
453,-1,-1
454,-1,-1
455,-1,-1
456,-1,-1
457,-1,-1
458,-1,-1
459,-1,-1
460,-1,-1
461,-1,-1
462,-1,-1
463,-1,-1
464,-1,-1
465,-1,-1
466,-1,-1
467,-1,-1
468,-1,-1
469,-1,-1
470,-1,-1
471,-1,-1
472,-1,-1
473,-1,-1
474,-1,-1
475,-1,-1
476,-1,-1
477,-1,-1
478,-1,-1
479,-1,-1
480,-1,-1
481,-1,-1
482,-1,-1
483,-1,-1
484,-1,-1
485,-1,-1
486,-1,-1
487,-1,-1
488,-1,-1
489,-1,-1
490,-1,-1
491,-1,-1
492,-1,-1
493,-1,-1
494,-1,-1
495,-1,-1
496,-1,-1
497,-1,-1
498,-1,-1
499,-1,-1
500,-1,-1
501,-1,-1
502,-1,-1
503,-1,-1
504,-1,-1
505,-1,-1
506,-1,-1
507,-1,-1
508,-1,-1
509,-1,-1
510,-1,-1
511,-1,-1
512,-1,-1
513,-1,-1
514,-1,-1
515,-1,-1
516,-1,-1
517,-1,-1
518,-1,-1
519,-1,-1
520,-1,-1
521,-1,-1
522,-1,-1
523,-1,-1
524,-1,-1
525,-1,-1
526,-1,-1
527,-1,-1
528,-1,-1
529,-1,-1
530,-1,-1
531,-1,-1
532,-1,-1
533,-1,-1
534,-1,-1
535,-1,-1
536,-1,-1
537,-1,-1
538,-1,-1
539,-1,-1
540,-1,-1
541,-1,-1
542,-1,-1
543,-1,-1
544,-1,-1
545,-1,-1
546,-1,-1
547,-1,-1
548,-1,-1
549,-1,-1
550,-1,-1
551,-1,-1
552,-1,-1
553,-1,-1
554,-1,-1
555,-1,-1
556,-1,-1
557,-1,-1
558,-1,-1
559,-1,-1
560,-1,-1
561,-1,-1
562,-1,-1
563,-1,-1
564,-1,-1
565,-1,-1
566,-1,-1
567,-1,-1
568,-1,-1
569,-1,-1
570,-1,-1
571,-1,-1
572,-1,-1
573,-1,-1
574,-1,-1
575,-1,-1
576,-1,-1
577,-1,-1
578,-1,-1
579,-1,-1
580,-1,-1
581,-1,-1
582,-1,-1
583,-1,-1
584,-1,-1
585,-1,-1
586,-1,-1
587,-1,-1
588,-1,-1
589,-1,-1
590,-1,-1
591,-1,-1
592,-1,-1
593,-1,-1
594,-1,-1
595,-1,-1
596,-1,-1
597,-1,-1
598,-1,-1
599,-1,-1
600,-1,-1
601,-1,-1
602,-1,-1
603,-1,-1
604,-1,-1
605,-1,-1
606,-1,-1
607,-1,-1
608,-1,-1
609,-1,-1
610,-1,-1
611,-1,-1
612,-1,-1
613,-1,-1
614,-1,-1
615,-1,-1
616,-1,-1
617,-1,-1
618,-1,-1
619,-1,-1
620,-1,-1
621,-1,-1
622,-1,-1
623,-1,-1
624,-1,-1
625,-1,-1
626,-1,-1
627,-1,-1
628,-1,-1
629,-1,-1
630,-1,-1
631,-1,-1
632,-1,-1
633,-1,-1
634,-1,-1
635,-1,-1
636,-1,-1
637,-1,-1
638,-1,-1
639,-1,-1
640,-1,-1
641,-1,-1
642,-1,-1
643,-1,-1
644,-1,-1
645,-1,-1
646,-1,-1
647,-1,-1
648,-1,-1
649,-1,-1
650,-1,-1
651,-1,-1
652,-1,-1
653,-1,-1
654,-1,-1
655,-1,-1
656,-1,-1
657,-1,-1
658,-1,-1
659,-1,-1
660,-1,-1
661,-1,-1
662,-1,-1
663,-1,-1
664,-1,-1
665,-1,-1
666,-1,-1
667,-1,-1
668,-1,-1
669,-1,-1
670,-1,-1
671,-1,-1
672,-1,-1
673,-1,-1
674,-1,-1
675,-1,-1
676,-1,-1
677,-1,-1
678,-1,-1
679,-1,-1
680,-1,-1
681,-1,-1
682,-1,-1
683,-1,-1
684,-1,-1
685,-1,-1
686,-1,-1
687,-1,-1
688,-1,-1
689,-1,-1
690,-1,-1
691,-1,-1
692,-1,-1
693,-1,-1
694,-1,-1
695,-1,-1
696,-1,-1
697,-1,-1
698,-1,-1
699,-1,-1
700,-1,-1
701,-1,-1
702,-1,-1
703,-1,-1
704,-1,-1
705,-1,-1
706,-1,-1
707,-1,-1
708,-1,-1
709,-1,-1
710,-1,-1
711,-1,-1
712,-1,-1
713,-1,-1
714,-1,-1
715,-1,-1
716,-1,-1
717,-1,-1
718,-1,-1
719,-1,-1
720,-1,-1
721,-1,-1
722,-1,-1
723,-1,-1
724,-1,-1
725,-1,-1
726,-1,-1
727,-1,-1
728,-1,-1
729,-1,-1
730,-1,-1
731,-1,-1
732,-1,-1
733,-1,-1
734,-1,-1
735,-1,-1
736,-1,-1
737,-1,-1
738,-1,-1
739,-1,-1
740,-1,-1
741,-1,-1
742,-1,-1
743,-1,-1
744,-1,-1
745,-1,-1
746,-1,-1
747,-1,-1
748,-1,-1
749,-1,-1
750,-1,-1
751,-1,-1
752,-1,-1
753,-1,-1
754,-1,-1
755,-1,-1
756,-1,-1
757,-1,-1
758,-1,-1
759,-1,-1
760,-1,-1
761,-1,-1
762,-1,-1
763,-1,-1
764,-1,-1
765,-1,-1
766,-1,-1
767,-1,-1
768,-1,-1
769,-1,-1
770,-1,-1
771,-1,-1
772,-1,-1
773,-1,-1
774,-1,-1
775,-1,-1
776,-1,-1
777,-1,-1
778,-1,-1
779,-1,-1
780,-1,-1
781,-1,-1
782,-1,-1
783,-1,-1
784,-1,-1
785,-1,-1
786,-1,-1
787,-1,-1
788,-1,-1
789,-1,-1
790,-1,-1
791,-1,-1
792,-1,-1
793,-1,-1
794,-1,-1
795,-1,-1
796,-1,-1
797,-1,-1
798,-1,-1
799,-1,-1
800,-1,-1
801,-1,-1
802,-1,-1
803,-1,-1
804,-1,-1
805,-1,-1
806,-1,-1
807,-1,-1
808,-1,-1
809,-1,-1
810,-1,-1
811,-1,-1
812,-1,-1
813,-1,-1
814,-1,-1
815,-1,-1
816,-1,-1
817,-1,-1
818,-1,-1
819,-1,-1
820,-1,-1
821,-1,-1
822,-1,-1
823,-1,-1
824,-1,-1
825,-1,-1
826,-1,-1
827,-1,-1
828,-1,-1
829,-1,-1
830,-1,-1
831,-1,-1
832,-1,-1
833,-1,-1
834,-1,-1
835,-1,-1
836,-1,-1
837,-1,-1
838,-1,-1
839,-1,-1
840,-1,-1
841,-1,-1
842,-1,-1
843,-1,-1
844,-1,-1
845,-1,-1
846,-1,-1
847,-1,-1
848,-1,-1
849,-1,-1
850,-1,-1
851,-1,-1
852,-1,-1
853,-1,-1
854,-1,-1
855,-1,-1
856,-1,-1
857,-1,-1
858,-1,-1
859,-1,-1
860,-1,-1
861,-1,-1
862,-1,-1
863,-1,-1
864,-1,-1
865,-1,-1
866,-1,-1
867,-1,-1
868,-1,-1
869,-1,-1
870,-1,-1
871,-1,-1
872,-1,-1
873,-1,-1
874,-1,-1
875,-1,-1
876,-1,-1
877,-1,-1
878,-1,-1
879,-1,-1
880,-1,-1
881,-1,-1
882,-1,-1
883,-1,-1
884,-1,-1
885,-1,-1
886,-1,-1
887,-1,-1
888,-1,-1
889,-1,-1
890,-1,-1
891,-1,-1
892,-1,-1
893,-1,-1
894,-1,-1
895,-1,-1
896,-1,-1
897,-1,-1
898,-1,-1
899,-1,-1
900,-1,-1
901,-1,-1
902,-1,-1
903,-1,-1
904,-1,-1
905,-1,-1
906,-1,-1
907,-1,-1
908,-1,-1
909,-1,-1
910,-1,-1
911,-1,-1
912,-1,-1
913,-1,-1
914,-1,-1
915,-1,-1
916,-1,-1
917,-1,-1
918,-1,-1
919,-1,-1
920,-1,-1
921,-1,-1
922,-1,-1
923,-1,-1
924,-1,-1
925,-1,-1
926,-1,-1
927,-1,-1
928,-1,-1
929,-1,-1
930,-1,-1
931,-1,-1
932,-1,-1
933,-1,-1
934,-1,-1
935,-1,-1
936,-1,-1
937,-1,-1
938,-1,-1
939,-1,-1
940,-1,-1
941,-1,-1
942,-1,-1
943,-1,-1
944,-1,-1
945,-1,-1
946,-1,-1
947,-1,-1
948,-1,-1
949,-1,-1
950,-1,-1
951,-1,-1
952,-1,-1
953,-1,-1
954,-1,-1
955,-1,-1
956,-1,-1
957,-1,-1
958,-1,-1
959,-1,-1
960,-1,-1
961,-1,-1
962,-1,-1
963,-1,-1
964,-1,-1
965,-1,-1
966,-1,-1
967,-1,-1
968,-1,-1
969,-1,-1
970,-1,-1
971,-1,-1
972,-1,-1
973,-1,-1
974,-1,-1
975,-1,-1
976,-1,-1
977,-1,-1
978,-1,-1
979,-1,-1
980,-1,-1
981,-1,-1
982,-1,-1
983,-1,-1
984,-1,-1
985,-1,-1
986,-1,-1
987,-1,-1
988,-1,-1
989,-1,-1
990,-1,-1
991,-1,-1
992,-1,-1
993,-1,-1
994,-1,-1
995,-1,-1
996,-1,-1
997,-1,-1
998,-1,-1
999,-1,-1
1000,-1,-1
1001,-1,-1
1002,-1,-1
1003,-1,-1
1004,-1,-1
1005,-1,-1
1006,-1,-1
1007,-1,-1
1008,-1,-1
1009,-1,-1
1010,-1,-1
1011,-1,-1
1012,-1,-1
1013,-1,-1
1014,-1,-1
1015,-1,-1
1016,-1,-1
1017,-1,-1
1018,-1,-1
1019,-1,-1
1020,-1,-1
1021,-1,-1
1022,-1,-1
1023,-1,-1
1024,-1,-1
1025,-1,-1
1026,-1,-1
1027,-1,-1
1028,-1,-1
1029,-1,-1
1030,-1,-1
1031,-1,-1
1032,-1,-1
1033,-1,-1
1034,-1,-1
1035,-1,-1
1036,-1,-1
1037,-1,-1
1038,-1,-1
1039,-1,-1
1040,-1,-1
1041,-1,-1
1042,-1,-1
1043,-1,-1
1044,-1,-1
1045,-1,-1
1046,-1,-1
1047,-1,-1
1048,-1,-1
1049,-1,-1
1050,-1,-1
1051,-1,-1
1052,-1,-1
1053,-1,-1
1054,-1,-1
1055,-1,-1
1056,-1,-1
1057,-1,-1
1058,-1,-1
1059,-1,-1
1060,-1,-1
1061,-1,-1
1062,-1,-1
1063,-1,-1
1064,-1,-1
1065,-1,-1
1066,-1,-1
1067,-1,-1
1068,-1,-1
1069,-1,-1
1070,-1,-1
1071,-1,-1
1072,-1,-1
1073,-1,-1
1074,-1,-1
1075,-1,-1
1076,-1,-1
1077,-1,-1
1078,-1,-1
1079,-1,-1
1080,-1,-1
1081,-1,-1
1082,-1,-1
1083,-1,-1
1084,-1,-1
1085,-1,-1
1086,-1,-1
1087,-1,-1
1088,-1,-1
1089,-1,-1
1090,-1,-1
1091,-1,-1
1092,-1,-1
1093,-1,-1
1094,-1,-1
1095,-1,-1
1096,-1,-1
1097,-1,-1
1098,-1,-1
1099,-1,-1
1100,-1,-1
1101,-1,-1
1102,-1,-1
1103,-1,-1
1104,-1,-1
1105,-1,-1
1106,-1,-1
1107,-1,-1
1108,-1,-1
1109,-1,-1
1110,-1,-1
1111,-1,-1
1112,-1,-1
1113,-1,-1
1114,-1,-1
1115,-1,-1
1116,-1,-1
1117,-1,-1
1118,-1,-1
1119,-1,-1
1120,-1,-1
1121,-1,-1
1122,-1,-1
1123,-1,-1
1124,-1,-1
1125,-1,-1
1126,-1,-1
1127,-1,-1
1128,-1,-1
1129,-1,-1
1130,-1,-1
1131,-1,-1
1132,-1,-1
1133,-1,-1
1134,-1,-1
1135,-1,-1
1136,-1,-1
1137,-1,-1
1138,-1,-1
1139,-1,-1
1140,-1,-1
1141,-1,-1
1142,-1,-1
1143,-1,-1
1144,-1,-1
1145,-1,-1
1146,-1,-1
1147,-1,-1
1148,-1,-1
1149,-1,-1
1150,-1,-1
1151,-1,-1
1152,-1,-1
1153,-1,-1
1154,-1,-1
1155,-1,-1
1156,-1,-1
1157,-1,-1
1158,-1,-1
1159,-1,-1
1160,-1,-1
1161,-1,-1
1162,-1,-1
1163,-1,-1
1164,-1,-1
1165,-1,-1
1166,-1,-1
1167,-1,-1
1168,-1,-1
1169,-1,-1
1170,-1,-1
1171,-1,-1
1172,-1,-1
1173,-1,-1
1174,-1,-1
1175,-1,-1
1176,-1,-1
1177,-1,-1
1178,-1,-1
1179,-1,-1
1180,-1,-1
1181,-1,-1
1182,-1,-1
1183,-1,-1
1184,-1,-1
1185,-1,-1
1186,-1,-1
1187,-1,-1
1188,-1,-1
1189,-1,-1
1190,-1,-1
1191,-1,-1
1192,-1,-1
1193,-1,-1
1194,-1,-1
1195,-1,-1
1196,-1,-1
1197,-1,-1
1198,-1,-1
1199,-1,-1
1200,-1,-1
1201,-1,-1
1202,-1,-1
1203,-1,-1
1204,-1,-1
1205,-1,-1
1206,-1,-1
1207,-1,-1
1208,-1,-1
1209,-1,-1
1210,-1,-1
1211,-1,-1
1212,-1,-1
1213,-1,-1
1214,-1,-1
1215,-1,-1
1216,-1,-1
1217,-1,-1
1218,-1,-1
1219,-1,-1
1220,-1,-1
1221,-1,-1
1222,-1,-1
1223,-1,-1
1224,-1,-1
1225,-1,-1
1226,-1,-1
1227,-1,-1
1228,-1,-1
1229,-1,-1
1230,-1,-1
1231,-1,-1
1232,-1,-1
1233,-1,-1
1234,-1,-1
1235,-1,-1
1236,-1,-1
1237,-1,-1
1238,-1,-1
1239,-1,-1
1240,-1,-1
1241,-1,-1
1242,-1,-1
1243,-1,-1
1244,-1,-1
1245,-1,-1
1246,-1,-1
1247,-1,-1
1248,-1,-1
1249,-1,-1
1250,-1,-1
1251,-1,-1
1252,-1,-1
1253,-1,-1
1254,-1,-1
1255,-1,-1
1256,-1,-1
1257,-1,-1
1258,-1,-1
1259,-1,-1
1260,-1,-1
1261,-1,-1
1262,-1,-1
1263,-1,-1
1264,-1,-1
1265,-1,-1
1266,-1,-1
1267,-1,-1
1268,-1,-1
1269,-1,-1
1270,-1,-1
1271,-1,-1
1272,-1,-1
1273,-1,-1
1274,-1,-1
1275,-1,-1
1276,-1,-1
1277,-1,-1
1278,-1,-1
1279,-1,-1
1280,-1,-1
1281,-1,-1
1282,-1,-1
1283,-1,-1
1284,-1,-1
1285,-1,-1
1286,-1,-1
1287,-1,-1
1288,-1,-1
1289,-1,-1
1290,-1,-1
1291,-1,-1
1292,-1,-1
1293,-1,-1
1294,-1,-1
1295,-1,-1
1296,-1,-1
1297,-1,-1
1298,-1,-1
1299,-1,-1
1300,-1,-1
1301,-1,-1
1302,-1,-1
1303,-1,-1
1304,-1,-1
1305,-1,-1
1306,-1,-1
1307,-1,-1
1308,-1,-1
1309,-1,-1
1310,-1,-1
1311,-1,-1
1312,-1,-1
1313,-1,-1
1314,-1,-1
1315,-1,-1
1316,-1,-1
1317,-1,-1
1318,-1,-1
1319,-1,-1
1320,-1,-1
1321,-1,-1
1322,-1,-1
1323,-1,-1
1324,-1,-1
1325,-1,-1
1326,-1,-1
1327,-1,-1
1328,-1,-1
1329,-1,-1
1330,-1,-1
1331,-1,-1
1332,-1,-1
1333,-1,-1
1334,-1,-1
1335,-1,-1
1336,-1,-1
1337,-1,-1
1338,-1,-1
1339,-1,-1
1340,-1,-1
1341,-1,-1
1342,-1,-1
1343,-1,-1
1344,-1,-1
1345,-1,-1
1346,-1,-1
1347,-1,-1
1348,-1,-1
1349,-1,-1
1350,-1,-1
1351,-1,-1
1352,-1,-1
1353,-1,-1
1354,-1,-1
1355,-1,-1
1356,-1,-1
1357,-1,-1
1358,-1,-1
1359,-1,-1
1360,-1,-1
1361,-1,-1
1362,-1,-1
1363,-1,-1
1364,-1,-1
1365,-1,-1
1366,-1,-1
1367,-1,-1
1368,-1,-1
1369,-1,-1
1370,-1,-1
1371,-1,-1
1372,-1,-1
1373,-1,-1
1374,-1,-1
1375,-1,-1
1376,-1,-1
1377,-1,-1
1378,-1,-1
1379,-1,-1
1380,-1,-1
1381,-1,-1
1382,-1,-1
1383,-1,-1
1384,-1,-1
1385,-1,-1
1386,-1,-1
1387,-1,-1
1388,-1,-1
1389,-1,-1
1390,-1,-1
1391,-1,-1
1392,-1,-1
1393,-1,-1
1394,-1,-1
1395,-1,-1
1396,-1,-1
1397,-1,-1
1398,-1,-1
1399,-1,-1
1400,-1,-1
1401,-1,-1
1402,-1,-1
1403,-1,-1
1404,-1,-1
1405,-1,-1
1406,-1,-1
1407,-1,-1
1408,-1,-1
1409,-1,-1
1410,-1,-1
1411,-1,-1
1412,-1,-1
1413,-1,-1
1414,-1,-1
1415,-1,-1
1416,-1,-1
1417,-1,-1
1418,-1,-1
1419,-1,-1
1420,-1,-1
1421,-1,-1
1422,-1,-1
1423,-1,-1
1424,-1,-1
1425,-1,-1
1426,-1,-1
1427,-1,-1
1428,-1,-1
1429,-1,-1
1430,-1,-1
1431,-1,-1
1432,-1,-1
1433,-1,-1
1434,-1,-1
1435,-1,-1
1436,-1,-1
1437,-1,-1
1438,-1,-1
1439,-1,-1
1440,-1,-1
1441,-1,-1
1442,-1,-1
1443,-1,-1
1444,-1,-1
1445,-1,-1
1446,-1,-1
1447,-1,-1
1448,-1,-1
1449,-1,-1
1450,-1,-1
1451,-1,-1
1452,-1,-1
1453,-1,-1
1454,-1,-1
1455,-1,-1
1456,-1,-1
1457,-1,-1
1458,-1,-1
1459,-1,-1
1460,-1,-1
1461,-1,-1
1462,-1,-1
1463,-1,-1
1464,-1,-1
1465,-1,-1
1466,-1,-1
1467,-1,-1
1468,-1,-1
1469,-1,-1
1470,-1,-1
1471,-1,-1
1472,-1,-1
1473,-1,-1
1474,-1,-1
1475,-1,-1
1476,-1,-1
1477,-1,-1
1478,-1,-1
1479,-1,-1
1480,-1,-1
1481,-1,-1
1482,-1,-1
1483,-1,-1
1484,-1,-1
1485,-1,-1
1486,-1,-1
1487,-1,-1
1488,-1,-1
1489,-1,-1
1490,-1,-1
1491,-1,-1
1492,-1,-1
1493,-1,-1
1494,-1,-1
1495,-1,-1
1496,-1,-1
1497,-1,-1
1498,-1,-1
1499,-1,-1
1500,-1,-1
1501,-1,-1
1502,-1,-1
1503,-1,-1
1504,-1,-1
1505,-1,-1
1506,-1,-1
1507,-1,-1
1508,-1,-1
1509,-1,-1
1510,-1,-1
1511,-1,-1
1512,-1,-1
1513,-1,-1
1514,-1,-1
1515,-1,-1
1516,-1,-1
1517,-1,-1
1518,-1,-1
1519,-1,-1
1520,-1,-1
1521,-1,-1
1522,-1,-1
1523,-1,-1
1524,-1,-1
1525,-1,-1
1526,-1,-1
1527,-1,-1
1528,-1,-1
1529,-1,-1
1530,-1,-1
1531,-1,-1
1532,-1,-1
1533,-1,-1
1534,-1,-1
1535,-1,-1
1536,-1,-1
1537,-1,-1
1538,-1,-1
1539,-1,-1
1540,-1,-1
1541,-1,-1
1542,-1,-1
1543,-1,-1
1544,-1,-1
1545,-1,-1
1546,-1,-1
1547,-1,-1
1548,-1,-1
1549,-1,-1
1550,-1,-1
1551,-1,-1
1552,-1,-1
1553,-1,-1
1554,-1,-1
1555,-1,-1
1556,-1,-1
1557,-1,-1
1558,-1,-1
1559,-1,-1
1560,-1,-1
1561,-1,-1
1562,-1,-1
1563,-1,-1
1564,-1,-1
1565,-1,-1
1566,-1,-1
1567,-1,-1
1568,-1,-1
1569,-1,-1
1570,-1,-1
1571,-1,-1
1572,-1,-1
1573,-1,-1
1574,-1,-1
1575,-1,-1
1576,-1,-1
1577,-1,-1
1578,-1,-1
1579,-1,-1
1580,-1,-1
1581,-1,-1
1582,-1,-1
1583,-1,-1
1584,-1,-1
1585,-1,-1
1586,-1,-1
1587,-1,-1
1588,-1,-1
1589,-1,-1
1590,-1,-1
1591,-1,-1
1592,-1,-1
1593,-1,-1
1594,-1,-1
1595,-1,-1
1596,-1,-1
1597,-1,-1
1598,-1,-1
1599,-1,-1
1600,-1,-1
1601,-1,-1
1602,-1,-1
1603,-1,-1
1604,-1,-1
1605,-1,-1
1606,-1,-1
1607,-1,-1
1608,-1,-1
1609,-1,-1
1610,-1,-1
1611,-1,-1
1612,-1,-1
1613,-1,-1
1614,-1,-1
1615,-1,-1
1616,-1,-1
1617,-1,-1
1618,-1,-1
1619,-1,-1
1620,-1,-1
1621,-1,-1
1622,-1,-1
1623,-1,-1
1624,-1,-1
1625,-1,-1
1626,-1,-1
1627,-1,-1
1628,-1,-1
1629,-1,-1
1630,-1,-1
1631,-1,-1
1632,-1,-1
1633,-1,-1
1634,-1,-1
1635,-1,-1
1636,-1,-1
1637,-1,-1
1638,-1,-1
1639,-1,-1
1640,-1,-1
1641,-1,-1
1642,-1,-1
1643,-1,-1
1644,-1,-1
1645,-1,-1
1646,-1,-1
1647,-1,-1
1648,-1,-1
1649,-1,-1
1650,-1,-1
1651,-1,-1
1652,-1,-1
1653,-1,-1
1654,-1,-1
1655,-1,-1
1656,-1,-1
1657,-1,-1
1658,-1,-1
1659,-1,-1
1660,-1,-1
1661,-1,-1
1662,-1,-1
1663,-1,-1
1664,-1,-1
1665,-1,-1
1666,-1,-1
1667,-1,-1
1668,-1,-1
1669,-1,-1
1670,-1,-1
1671,-1,-1
1672,-1,-1
1673,-1,-1
1674,-1,-1
1675,-1,-1
1676,-1,-1
1677,-1,-1
1678,-1,-1
1679,-1,-1
1680,-1,-1
1681,-1,-1
1682,-1,-1
1683,-1,-1
1684,-1,-1
1685,-1,-1
1686,-1,-1
1687,-1,-1
1688,-1,-1
1689,-1,-1
1690,-1,-1
1691,-1,-1
1692,-1,-1
1693,-1,-1
1694,-1,-1
1695,-1,-1
1696,-1,-1
1697,-1,-1
1698,-1,-1
1699,-1,-1
1700,-1,-1
1701,-1,-1
1702,-1,-1
1703,-1,-1
1704,-1,-1
1705,-1,-1
1706,-1,-1
1707,-1,-1
1708,-1,-1
1709,-1,-1
1710,-1,-1
1711,-1,-1
1712,-1,-1
1713,-1,-1
1714,-1,-1
1715,-1,-1
1716,-1,-1
1717,-1,-1
1718,-1,-1
1719,-1,-1
1720,-1,-1
1721,-1,-1
1722,-1,-1
1723,-1,-1
1724,-1,-1
1725,-1,-1
1726,-1,-1
1727,-1,-1
1728,-1,-1
1729,-1,-1
1730,-1,-1
1731,-1,-1
1732,-1,-1
1733,-1,-1
1734,-1,-1
1735,-1,-1
1736,-1,-1
1737,-1,-1
1738,-1,-1
1739,-1,-1
1740,-1,-1
1741,-1,-1
1742,-1,-1
1743,-1,-1
1744,-1,-1
1745,-1,-1
1746,-1,-1
1747,-1,-1
1748,-1,-1
1749,-1,-1
1750,-1,-1
1751,-1,-1
1752,-1,-1
1753,-1,-1
1754,-1,-1
1755,-1,-1
1756,-1,-1
1757,-1,-1
1758,-1,-1
1759,-1,-1
1760,-1,-1
1761,-1,-1
1762,-1,-1
1763,-1,-1
1764,-1,-1
1765,-1,-1
1766,-1,-1
1767,-1,-1
1768,-1,-1
1769,-1,-1
1770,-1,-1
1771,-1,-1
1772,-1,-1
1773,-1,-1
1774,-1,-1
1775,-1,-1
1776,-1,-1
1777,-1,-1
1778,-1,-1
1779,-1,-1
1780,-1,-1
1781,-1,-1
1782,-1,-1
1783,-1,-1
1784,-1,-1
1785,-1,-1
1786,-1,-1
1787,-1,-1
1788,-1,-1
1789,-1,-1
1790,-1,-1
1791,-1,-1
1792,-1,-1
1793,-1,-1
1794,-1,-1
1795,-1,-1
1796,-1,-1
1797,-1,-1
1798,-1,-1
1799,-1,-1
1800,-1,-1
1801,-1,-1
1802,-1,-1
1803,-1,-1
1804,-1,-1
1805,-1,-1
1806,-1,-1
1807,-1,-1
1808,-1,-1
1809,-1,-1
1810,-1,-1
1811,-1,-1
1812,-1,-1
1813,-1,-1
1814,-1,-1
1815,-1,-1
1816,-1,-1
1817,-1,-1
1818,-1,-1
1819,-1,-1
1820,-1,-1
1821,-1,-1
1822,-1,-1
1823,-1,-1
1824,-1,-1
1825,-1,-1
1826,-1,-1
1827,-1,-1
1828,-1,-1
1829,-1,-1
1830,-1,-1
1831,-1,-1
1832,-1,-1
1833,-1,-1
1834,-1,-1
1835,-1,-1
1836,-1,-1
1837,-1,-1
1838,-1,-1
1839,-1,-1
1840,-1,-1
1841,-1,-1
1842,-1,-1
1843,-1,-1
1844,-1,-1
1845,-1,-1
1846,-1,-1
1847,-1,-1
1848,-1,-1
1849,-1,-1
1850,-1,-1
1851,-1,-1
1852,-1,-1
1853,-1,-1
1854,-1,-1
1855,-1,-1
1856,-1,-1
1857,-1,-1
1858,-1,-1
1859,-1,-1
1860,-1,-1
1861,-1,-1
1862,-1,-1
1863,-1,-1
1864,-1,-1
1865,-1,-1
1866,-1,-1
1867,-1,-1
1868,-1,-1
1869,-1,-1
1870,-1,-1
1871,-1,-1
1872,-1,-1
1873,-1,-1
1874,-1,-1
1875,-1,-1
1876,-1,-1
1877,-1,-1
1878,-1,-1
1879,-1,-1
1880,-1,-1
1881,-1,-1
1882,-1,-1
1883,-1,-1
1884,-1,-1
1885,-1,-1
1886,-1,-1
1887,-1,-1
1888,-1,-1
1889,-1,-1
1890,-1,-1
1891,-1,-1
1892,-1,-1
1893,-1,-1
1894,-1,-1
1895,-1,-1
1896,-1,-1
1897,-1,-1
1898,-1,-1
1899,-1,-1
1900,-1,-1
1901,-1,-1
1902,-1,-1
1903,-1,-1
1904,-1,-1
1905,-1,-1
1906,-1,-1
1907,-1,-1
1908,-1,-1
1909,-1,-1
1910,-1,-1
1911,-1,-1
1912,-1,-1
1913,-1,-1
1914,-1,-1
1915,-1,-1
1916,-1,-1
1917,-1,-1
1918,-1,-1
1919,-1,-1
1920,-1,-1
1921,-1,-1
1922,-1,-1
1923,-1,-1
1924,-1,-1
1925,-1,-1
1926,-1,-1
1927,-1,-1
1928,-1,-1
1929,-1,-1
1930,-1,-1
1931,-1,-1
1932,-1,-1
1933,-1,-1
1934,-1,-1
1935,-1,-1
1936,-1,-1
1937,-1,-1
1938,-1,-1
1939,-1,-1
1940,-1,-1
1941,-1,-1
1942,-1,-1
1943,-1,-1
1944,-1,-1
1945,-1,-1
1946,-1,-1
1947,-1,-1
1948,-1,-1
1949,-1,-1
1950,-1,-1
1951,-1,-1
1952,-1,-1
1953,-1,-1
1954,-1,-1
1955,-1,-1
1956,-1,-1
1957,-1,-1
1958,-1,-1
1959,-1,-1
1960,-1,-1
1961,-1,-1
1962,-1,-1
1963,-1,-1
1964,-1,-1
1965,-1,-1
1966,-1,-1
1967,-1,-1
1968,-1,-1
1969,-1,-1
1970,-1,-1
1971,-1,-1
1972,-1,-1
1973,-1,-1
1974,-1,-1
1975,-1,-1
1976,-1,-1
1977,-1,-1
1978,-1,-1
1979,-1,-1
1980,-1,-1
1981,-1,-1
1982,-1,-1
1983,-1,-1
1984,-1,-1
1985,-1,-1
1986,-1,-1
1987,-1,-1
1988,-1,-1
1989,-1,-1
1990,-1,-1
1991,-1,-1
1992,-1,-1
1993,-1,-1
1994,-1,-1
1995,-1,-1
1996,-1,-1
1997,-1,-1
1998,-1,-1
1999,-1,-1
2000,-1,-1
2001,-1,-1
2002,-1,-1
2003,-1,-1
2004,-1,-1
2005,-1,-1
2006,-1,-1
2007,-1,-1
2008,-1,-1
2009,-1,-1
2010,-1,-1
2011,-1,-1
2012,-1,-1
2013,-1,-1
2014,-1,-1
2015,-1,-1
2016,-1,-1
2017,-1,-1
2018,-1,-1
2019,-1,-1
2020,-1,-1
2021,-1,-1
2022,-1,-1
2023,-1,-1
2024,-1,-1
2025,-1,-1
2026,-1,-1
2027,-1,-1
2028,-1,-1
2029,-1,-1
2030,-1,-1
2031,-1,-1
2032,-1,-1
2033,-1,-1
2034,-1,-1
2035,-1,-1
2036,-1,-1
2037,-1,-1
2038,-1,-1
2039,-1,-1
2040,-1,-1
2041,-1,-1
2042,-1,-1
2043,-1,-1
2044,-1,-1
2045,-1,-1
2046,-1,-1
2047,-1,-1
2048,223,1358
2049,152,935
2050,1378,1809
2051,256,651
2052,1636,939
2053,863,585
2054,1737,96
2055,70,1109
2056,673,216
2057,392,83
2058,336,1513
2059,1475,230
2060,669,2052
2061,1701,157
2062,1233,362
2063,1052,1632
2064,1871,829
2065,1155,1614
2066,1274,562
2067,1074,1266
2068,1262,1977
2069,1241,928
2070,2043,1739
2071,432,11
2072,723,713
2073,1060,601
2074,1494,228
2075,1239,965
2076,1941,402
2077,1677,1559
2078,899,247
2079,6,1037
2080,831,153
2081,797,55
2082,791,1848
2083,1542,1375
2084,1088,290
2085,1221,596
2086,661,737
2087,242,1225
2088,1165,1547
2089,769,311
2090,1057,1939
2091,230,1673
2092,1,823
2093,625,355
2094,618,1072
2095,488,698
2096,1053,361
2097,400,526
2098,1716,109
2099,1227,1818
2100,1191,1225
2101,662,277
2102,481,87
2103,137,408
2104,1513,744
2105,1837,1171
2106,805,1199
2107,311,861
2108,1681,910
2109,536,1308
2110,1849,65
2111,840,574
2112,770,623
2113,1786,121
2114,57,899
2115,319,2017
2116,1700,1517
2117,1137,484
2118,784,161
2119,263,2071
2120,1060,1492
2121,984,155
2122,1282,521
2123,1464,1814
2124,553,1013
2125,1641,713
2126,1446,2107
2127,1127,193
2128,1751,898
2129,79,1854
2130,489,895
2131,873,650
2132,1761,1047
2133,1122,408
2134,1620,829
2135,1238,1374
2136,51,1494
2137,494,757
2138,1582,1817
2139,282,785
2140,326,49
2141,271,830
2142,1350,662
2143,433,454
2144,168,494
2145,597,1503
2146,977,537
2147,231,218
2148,1972,852
2149,349,1769
2150,580,1661
2151,789,2087
2152,44,410
2153,1272,2150
2154,448,1473
2155,1251,2015
2156,890,1798
2157,649,518
2158,258,1271
2159,1952,794
2160,507,189
2161,822,1700
2162,583,425
2163,2044,1152
2164,338,2081
2165,1613,1464
2166,1851,912
2167,1656,2126
2168,388,867
2169,9,1783
2170,76,127
2171,1631,1125
2172,557,1532
2173,581,1160
2174,69,1722
2175,1176,552
2176,1450,20
2177,430,1109
2178,1832,1343
2179,744,997
2180,1748,724
2181,875,1008
2182,999,648
2183,463,329
2184,432,353
2185,1882,407
2186,717,907
2187,1033,64
2188,1439,195
2189,1811,1073
2190,1969,8
2191,202,1966
2192,2151,25
2193,1163,1066
2194,578,1061
2195,1102,391
2196,491,1082
2197,734,1644
2198,60,2067
2199,1663,9
2200,884,1401
2201,116,1264
2202,974,371
2203,1774,166
2204,2102,1729
2205,1820,1960
2206,915,1769
2207,209,1834
2208,1768,16
2209,532,1366
2210,1198,357
2211,399,46
2212,1327,313
2213,140,1414
2214,874,1929
2215,1111,1286
2216,1010,1867
2217,570,1826
2218,124,498
2219,9,2075
2220,364,1270
2221,1520,1983
2222,552,143
2223,458,267
2224,108,992
2225,692,2024
2226,1690,425
2227,1745,1876
2228,1175,1009
2229,453,393
2230,4,1777
2231,67,1917
2232,513,128
2233,25,33
2234,1313,69
2235,289,1663
2236,1982,877
2237,1585,1420
2238,2195,771
2239,1874,1707
2240,1375,1668
2241,1172,236
2242,1344,1327
2243,2013,1059
2244,157,166
2245,1294,1171
2246,1523,1507
2247,382,1575
2248,1812,12
2249,1556,290
2250,2196,364
2251,1650,1048
2252,2135,195
2253,1428,287
2254,270,902
2255,1146,1057
2256,1354,524
2257,1185,811
2258,557,1604
2259,1774,163
2260,707,1800
2261,1883,1339
2262,1833,1748
2263,1300,2032
2264,2233,807
2265,990,2056
2266,1093,1141
2267,1698,271
2268,1857,1205
2269,1971,634
2270,319,2194
2271,1414,1554
2272,1130,618
2273,267,433
2274,1057,975
2275,231,1251
2276,1453,1415
2277,1826,1731
2278,1740,488
2279,2156,2078
2280,377,1265
2281,980,674
2282,1021,548
2283,1104,1589
2284,573,279
2285,1607,524
2286,2121,2196
2287,450,684
2288,1549,1840
2289,929,964
2290,2106,1045
2291,1121,65
2292,215,2273
2293,115,1550
2294,405,982
2295,2215,936
2296,494,861
2297,2220,268
2298,1819,1926
2299,1066,1122
2300,337,1342
2301,382,1413
2302,1573,1566
2303,1833,1489
2304,463,157
2305,1557,2054
2306,530,417
2307,168,1369
2308,1212,987
2309,43,1229
2310,2206,1655
2311,1273,634
2312,2030,2215
2313,602,2067
2314,2291,1514
2315,1454,397
2316,2158,1479
2317,1393,977
2318,2263,1422
2319,2180,750
2320,1626,2316
2321,627,1745
2322,911,1505
2323,2173,2219
2324,236,1367
2325,591,2030
2326,324,1835
2327,1375,1143
2328,517,2243
2329,1737,781
2330,399,545
2331,90,1345
2332,1793,2237
2333,645,1044
2334,268,651
2335,1296,1008
2336,1150,1946
2337,1472,1092
2338,1481,2075
2339,880,2033
2340,918,1326
2341,252,2214
2342,299,1428
2343,1412,1677
2344,1191,56
2345,794,1591
2346,605,136
2347,1302,1764
2348,1648,2106
2349,1265,567
2350,1428,722
2351,937,71
2352,823,506
2353,1486,2094
2354,1110,1821
2355,987,460
2356,990,785
2357,2136,2212
2358,1360,2283
2359,354,363
2360,2333,2277
2361,9,1912
2362,364,1720
2363,416,9
2364,2277,1191
2365,399,1275
2366,127,992
2367,532,1661
2368,2053,1404
2369,353,1147
2370,1534,1230
2371,263,1725
2372,1682,2319
2373,63,273
2374,999,263
2375,2242,306
2376,1271,2063
2377,1818,219
2378,2273,962
2379,280,531
2380,1974,1517
2381,1761,1503
2382,2360,75
2383,1222,2189
2384,998,1004
2385,930,1773
2386,628,176
2387,1050,95
2388,2130,2331
2389,2330,485
2390,413,1399
2391,1313,1162
2392,1350,604
2393,1721,2217
2394,909,6
2395,1545,1720
2396,1630,2084
2397,1817,1739
2398,694,1511
2399,1144,2025
2400,1806,541
2401,447,481
2402,2281,1279
2403,1402,575
2404,895,1563
2405,1220,2031
2406,149,2064
2407,2342,880
2408,1678,1078
2409,1063,1872
2410,819,152
2411,188,1712
2412,1834,896
2413,1642,1109
2414,1412,80
2415,1158,225
2416,443,1258
2417,1024,852
2418,1964,86
2419,1462,378
2420,1798,93
2421,2278,2016
2422,95,1812
2423,1101,62
2424,951,2414
2425,498,655
2426,1724,2200
2427,2235,1316
2428,1741,1241
2429,1386,1560
2430,204,1223
2431,727,173
2432,429,2387
2433,2328,2430
2434,533,795
2435,507,1674
2436,1781,1503
2437,1531,705
2438,2399,647
2439,1950,368
2440,1958,1922
2441,1749,1123
2442,2186,1988
2443,1362,572
2444,503,2410
2445,749,2316
2446,1335,2220
2447,472,1850
2448,2051,1010
2449,258,382
2450,38,1252
2451,1635,2403
2452,871,1640
2453,104,354
2454,28,1474
2455,510,518
2456,823,879
2457,31,1207
2458,1166,1088
2459,923,1308
2460,1400,1125
2461,618,1085
2462,1292,244
2463,309,1922
2464,2458,1696
2465,422,2060
2466,1133,1280
2467,0,899
2468,2319,321
2469,2288,1501
2470,229,1778
2471,594,710
2472,243,767
2473,2260,154
2474,1621,2347
2475,2066,1043
2476,1117,427
2477,2307,712
2478,1853,954
2479,555,1604
2480,1176,2373
2481,1392,1093
2482,1516,1235
2483,1515,1313
2484,898,1625
2485,2022,647
2486,743,1584
2487,1676,2359
2488,1124,209
2489,1159,2035
2490,1076,2186
2491,1908,2453
2492,863,257
2493,1367,914
2494,1471,1632
2495,750,462
2496,2282,1238
2497,665,2483
2498,1236,198
2499,1257,311
2500,2114,2012
2501,1033,272
2502,418,765
2503,23,2067
2504,1305,1828
2505,2295,1752
2506,477,804
2507,1969,403
2508,1486,2208
2509,825,1594
2510,1326,654
2511,1394,1636
2512,622,573
2513,116,1167
2514,1643,1
2515,1293,1466
2516,232,1593
2517,384,1563
2518,1917,554
2519,1513,1633
2520,1753,2042
2521,2377,1592
2522,208,403
2523,569,1795
2524,948,1091
2525,2113,1406
2526,622,2466
2527,2335,330
2528,1128,539
2529,113,2502
2530,1348,289
2531,1209,2258
2532,1177,203
2533,1460,1472
2534,1755,127
2535,1873,445
2536,2360,2114
2537,2393,1436
2538,92,604
2539,1880,2427
2540,550,32
2541,2363,982
2542,450,1369
2543,1069,1852
2544,106,2266
2545,108,493
2546,2495,990
2547,1738,2178
2548,81,961
2549,262,2204
2550,1527,1774
2551,2436,1490
2552,1309,2442
2553,53,1710
2554,313,2368
2555,301,638
2556,968,2472
2557,2497,2164
2558,2353,2169
2559,1008,1798
2560,2257,329
2561,190,234
2562,311,133
2563,1500,495
2564,170,1949
2565,933,1661
2566,1200,1046
2567,535,231
2568,1711,267
2569,1513,2436
2570,1703,1140
2571,10,390
2572,1831,1198
2573,716,1650
2574,2418,1886
2575,2051,747
2576,2405,326
2577,542,1201
2578,2186,1001
2579,424,1981
2580,275,1831
2581,1974,1842
2582,697,958
2583,186,1098
2584,1055,793
2585,1058,182
2586,47,1171
2587,1682,2402
2588,1801,438
2589,634,1070
2590,554,1227
2591,758,1469
2592,1231,1339
2593,153,198
2594,191,585
2595,1739,1834
2596,1033,1153
2597,1965,681
2598,718,385
2599,2576,1899
2600,179,1122
2601,332,675
2602,1966,795
2603,538,1528
2604,1718,2548
2605,122,2111
2606,1228,2129
2607,2408,2086
2608,2086,193
2609,1224,879
2610,612,2370
2611,1331,1669
2612,220,825
2613,1032,1608
2614,218,2116
2615,1233,1416
2616,389,466
2617,0,1168
2618,67,1468
2619,2259,363
2620,1414,2098
2621,2236,670
2622,570,1272
2623,1130,2353
2624,2439,761
2625,196,1401
2626,1424,2549
2627,1802,1139
2628,2363,2484
2629,1992,1323
2630,1002,868
2631,2331,39
2632,2386,551
2633,1415,2221
2634,1493,2536
2635,1912,1635
2636,2067,2576
2637,1181,2500
2638,2020,2476
2639,2370,308
2640,1575,809
2641,675,931
2642,1334,2018
2643,795,610
2644,416,2530
2645,6,1883
2646,1480,1638
2647,311,1035
2648,2078,1431
2649,994,1367
2650,1301,260
2651,721,1955
2652,696,1228
2653,2219,2275
2654,1077,786
2655,541,1138
2656,846,1765
2657,2029,2118
2658,1256,2012
2659,24,1021
2660,110,1238
2661,2115,2215
2662,847,1111
2663,684,1726
2664,2283,1944
2665,2299,1998
2666,416,2236
2667,645,2039
2668,1142,1026
2669,1551,230
2670,638,526
2671,874,619
2672,1765,2528
2673,31,783
2674,863,268
2675,248,890
2676,262,375
2677,1743,1475
2678,1987,878
2679,2131,1331
2680,115,1293
2681,625,1304
2682,1023,839
2683,122,332
2684,563,1798
2685,2117,2502
2686,2675,440
2687,132,1264
2688,1428,1736
2689,663,2225
2690,1301,715
2691,2473,1665
2692,807,1666
2693,2657,975
2694,2044,2443
2695,563,2639
2696,538,850
2697,1084,913
2698,302,2195
2699,245,363
2700,536,21
2701,1674,2640
2702,1021,1670
2703,270,365
2704,239,2526
2705,1967,437
2706,1832,1893
2707,1328,1927
2708,1840,953
2709,2509,2610
2710,1502,2225
2711,156,2411
2712,2439,1566
2713,1731,2383
2714,889,843
2715,1835,991
2716,2569,2515
2717,718,1775
2718,1698,2341
2719,1831,1116
2720,2217,1667
2721,1233,1566
2722,1418,2167
2723,1065,927
2724,637,2405
2725,2274,2453
2726,686,1504
2727,1621,2439
2728,2677,49
2729,776,1332
2730,2309,893
2731,304,390
2732,1320,1858
2733,2703,2307
2734,2626,291
2735,1890,1781
2736,1017,1627
2737,582,610
2738,2371,1233
2739,383,2287
2740,2352,1182
2741,1413,1860
2742,440,1547
2743,2586,630
2744,868,1147
2745,1683,1146
2746,265,2149
2747,2576,2612
2748,715,2389
2749,2212,573
2750,725,251
2751,1951,1332
2752,2698,900
2753,1321,1050
2754,2093,1508
2755,2455,2260
2756,1171,2353
2757,1688,853
2758,471,1925
2759,2335,700
2760,794,942
2761,490,2060
2762,682,2100
2763,911,76
2764,369,668
2765,1009,2298
2766,624,2375
2767,1538,2141
2768,744,1352
2769,2206,1114
2770,1966,2410
2771,2648,1698
2772,2553,625
2773,1948,1140
2774,1921,201
2775,2428,85
2776,215,2613
2777,2318,2312
2778,698,879
2779,192,2494
2780,1638,282
2781,2243,1427
2782,9,538
2783,2543,1468
2784,1751,697
2785,269,1303
2786,1499,2714
2787,963,269
2788,2097,1538
2789,1095,2315
2790,1760,916
2791,1802,1186
2792,949,2194
2793,2452,1064
2794,2661,2082
2795,2046,45
2796,909,1608
2797,297,2584
2798,1912,1209
2799,2700,2743
2800,2252,1065
2801,350,2192
2802,136,1647
2803,2739,1477
2804,2064,1904
2805,2545,2035
2806,996,1709
2807,155,1237
2808,1224,333
2809,2507,1124
2810,858,2659
2811,1798,163
2812,1722,1
2813,2350,1313
2814,2055,1927
2815,1350,2566
2816,425,328
2817,543,1907
2818,1193,1254
2819,2790,69
2820,31,2142
2821,2004,131
2822,368,2148
2823,829,1098
2824,2701,658
2825,1690,1171
2826,1443,1502
2827,2497,2296
2828,667,2678
2829,1946,652
2830,279,1454
2831,1894,1666
2832,2007,772
2833,264,476
2834,1657,86
2835,2347,1110
2836,2797,1649
2837,2656,113
2838,1078,2531
2839,2403,1906
2840,1807,1293
2841,738,2585
2842,2802,1406
2843,2697,551
2844,2375,938
2845,1187,2756
2846,511,1185
2847,1214,2110
2848,1132,1871
2849,757,2688
2850,154,2722
2851,867,1792
2852,2611,2580
2853,215,990
2854,792,2511
2855,781,359
2856,1336,2515
2857,1980,2088
2858,2376,215
2859,1744,1288
2860,314,2583
2861,1669,1716
2862,354,2436
2863,2389,1683
2864,1738,1219
2865,701,2620
2866,1864,959
2867,2587,1811
2868,155,225
2869,1721,1320
2870,1346,433
2871,1128,846
2872,236,1647
2873,604,1570
2874,2609,9
2875,335,2268
2876,458,2482
2877,51,945
2878,2206,1094
2879,2687,711
2880,2743,2422
2881,243,177
2882,1141,2590
2883,1945,2106
2884,1747,968
2885,418,889
2886,1960,2777
2887,1960,1744
2888,1165,1970
2889,2354,2390
2890,343,55
2891,233,2386
2892,2393,1870
2893,2181,674
2894,1135,2036
2895,888,1321
2896,2820,1895
2897,297,97
2898,2147,2515
2899,1690,620
2900,2382,34
2901,2504,2167
2902,146,1997
2903,99,1179
2904,1920,121
2905,2492,1939
2906,620,1146
2907,947,2127
2908,137,902
2909,7,114
2910,1940,1841
2911,572,2351
2912,1366,1765
2913,2481,756
2914,152,725
2915,1361,2847
2916,1981,2526
2917,1142,328
2918,365,670
2919,2452,865
2920,177,2787
2921,125,2347
2922,116,1132
2923,1646,1257
2924,2676,2683
2925,911,710
2926,1984,1430
2927,2059,2494
2928,819,561
2929,863,837
2930,549,2021
2931,2739,596
2932,153,348
2933,158,1405
2934,2360,2419
2935,1038,1412
2936,2002,1164
2937,1219,1183
2938,2575,74
2939,33,1075
2940,1720,1778
2941,1694,1972
2942,1138,1771
2943,40,2232
2944,2000,1706
2945,1303,1173
2946,1380,320
2947,1230,1298
2948,2586,2896
2949,403,2852
2950,2272,52
2951,1093,2721
2952,1232,1928
2953,2717,1334
2954,597,2935
2955,1822,2280
2956,365,76
2957,2879,853
2958,218,329
2959,2792,527
2960,532,2439
2961,2598,2439
2962,2064,2602
2963,1751,649
2964,322,652
2965,1116,748
2966,272,1039
2967,1043,1349
2968,800,464
2969,2142,1736
2970,104,108
2971,1635,1795
2972,1242,2918
2973,1182,1020
2974,2190,2662
2975,11,2596
2976,954,995
2977,2272,217
2978,1681,1134
2979,1182,2252
2980,1033,696
2981,2817,2201
2982,304,1622
2983,16,1907
2984,328,1083
2985,1478,2067
2986,860,2352
2987,1025,709
2988,496,74
2989,1871,171
2990,1702,959
2991,1705,1934
2992,2213,818
2993,87,450
2994,1806,2074
2995,2256,1152
2996,413,211
2997,2217,1806
2998,259,1365
2999,1189,2419
3000,1079,1024
3001,1741,2308
3002,2199,1589
3003,205,2757
3004,24,1221
3005,2786,803
3006,1432,651
3007,1595,2937
3008,2640,1728
3009,1035,2399
3010,366,887
3011,830,858
3012,1097,960
3013,488,208
3014,1572,1381
3015,161,1814
3016,652,2272
3017,2292,736
3018,2939,2961
3019,2407,1891
3020,790,1813
3021,532,44
3022,527,1918
3023,567,2253
3024,2168,1264
3025,952,2219
3026,1070,1571
3027,323,2377
3028,1150,2539
3029,1699,564
3030,2158,704
3031,1107,1315
3032,1078,1117
3033,1246,1623
3034,1241,418
3035,106,931
3036,1861,2527
3037,1577,2000
3038,1584,1994
3039,2339,2125
3040,1599,738
3041,1187,368
3042,1852,464
3043,2594,1307
3044,1657,2256
3045,723,1500
3046,2307,2171
3047,2632,2427
3048,2852,1666
3049,2227,3033
3050,2503,2747
3051,2631,242
3052,2881,791
3053,2763,2896
3054,890,726
3055,242,2819
3056,2418,2896
3057,1435,1470
3058,483,171
3059,2047,2528
3060,1647,2271
3061,3059,1810
3062,2687,1819
3063,395,2909
3064,2178,2726
3065,810,2537
3066,2879,2521
3067,2271,2965
3068,253,2997
3069,802,2210
3070,1391,950
3071,2878,1827
3072,1384,2669
3073,2466,365
3074,645,1382
3075,1371,1696
3076,197,2357
3077,2055,1136
3078,1477,2351
3079,305,1592
3080,1533,855
3081,1713,2910
3082,1730,627
3083,2901,1427
3084,1570,348
3085,114,1579
3086,2578,1421
3087,2602,295
3088,812,1587
3089,518,1990
3090,2669,1380
3091,967,1576
3092,2963,240
3093,1067,2176
3094,2410,456
3095,1473,2542
3096,2479,2889
3097,580,1270
3098,2785,592
3099,1025,324
3100,1302,593
3101,637,1920
3102,857,2432
3103,825,284
3104,953,1140
3105,2554,318
3106,1909,2898
3107,2459,849
3108,1075,2067
3109,470,436
3110,923,858
3111,1074,2946
3112,1226,1449
3113,1419,1498
3114,996,2191
3115,2225,1487
3116,2328,1001
3117,2796,1783
3118,2853,1157
3119,2830,988
3120,2914,963
3121,335,2041
3122,2125,1115
3123,3120,1117
3124,417,2780
3125,1535,2753
3126,1824,1064
3127,1890,774
3128,2522,1316
3129,3119,460
3130,1799,1506
3131,2439,1264
3132,2297,2225
3133,3098,3070
3134,2593,2734
3135,1545,570
3136,1931,1361
3137,2285,1157
3138,2774,2697
3139,746,1414
3140,923,2597
3141,291,2102
3142,1797,839
3143,2073,2963
3144,1906,1146
3145,1325,3075
3146,2112,2246
3147,175,2115
3148,2078,2227
3149,2792,1700
3150,2719,1070
3151,1879,1299
3152,600,534
3153,2889,1250
3154,1287,592
3155,288,587
3156,222,521
3157,2456,82
3158,2130,1941
3159,906,1593
3160,470,1341
3161,2057,1654
3162,1319,2444
3163,616,2092
3164,3076,570
3165,78,590
3166,1491,2089
3167,2611,199
3168,2206,1982
3169,2345,1745
3170,1459,798
3171,1268,1744
3172,2839,655
3173,956,1661
3174,1380,1948
3175,2106,1307
3176,158,1187
3177,541,1070
3178,1143,3089
3179,1983,2137
3180,2520,1905
3181,2401,1984
3182,1892,3125
3183,1280,90
3184,593,1453
3185,1227,1366
3186,2034,3085
3187,2619,454
3188,3135,523
3189,2275,16
3190,800,1189
3191,169,3171
3192,143,350
3193,974,807
3194,643,1301
3195,616,2141
3196,918,2101
3197,1288,265
3198,1221,1756
3199,332,1585
3200,1760,1014
3201,50,1337
3202,2071,1479
3203,756,2944
3204,611,197
3205,211,1407
3206,1927,258
3207,1612,594
3208,2931,2446
3209,1376,2220
3210,1985,1969
3211,2750,2527
3212,146,1402
3213,2800,2110
3214,2798,330
3215,1837,677
3216,2036,2768
3217,812,2795
3218,561,825
3219,1348,3167
3220,631,579
3221,965,1291
3222,2734,1461
3223,1415,425
3224,2501,1763
3225,222,2223
3226,3039,1254
3227,356,1526
3228,2046,1477
3229,2429,590
3230,435,1221
3231,2360,589
3232,2138,1342
3233,2088,970
3234,673,400
3235,870,311
3236,2102,1136
3237,1267,1722
3238,770,1232
3239,1109,1649
3240,1665,1067
3241,2050,1485
3242,2024,656
3243,1522,3185
3244,1827,1947
3245,2173,988
3246,208,2078
3247,1946,625
3248,1148,2308
3249,2948,2955
3250,2100,1050
3251,1355,974
3252,2430,645
3253,3146,1606
3254,2584,1641
3255,2211,1532
3256,2134,2891
3257,1562,1392
3258,1486,2148
3259,1646,2282
3260,2019,437
3261,2532,1782
3262,785,2302
3263,330,2809
3264,766,2963
3265,1502,1085
3266,2599,1100
3267,860,3125
3268,14,2545
3269,1874,1202
3270,1064,1865
3271,95,1151
3272,398,1459
3273,1410,1593
3274,943,169
3275,1914,2613
3276,933,3088
3277,245,1932
3278,1402,129
3279,2669,2599
3280,3110,2376
3281,398,1239
3282,1545,2301
3283,998,444
3284,2152,2143
3285,1745,1644
3286,2697,587
3287,1454,583
3288,552,856
3289,15,2440
3290,1101,1247
3291,1698,1492
3292,2262,930
3293,982,2732
3294,2226,2590
3295,725,2118
3296,1725,677
3297,3057,2049
3298,1038,3287
3299,2966,430
3300,339,1964
3301,2973,1151
3302,21,1770
3303,3034,2403
3304,709,625
3305,2699,2396
3306,2954,1885
3307,1696,267
3308,1126,2507
3309,3107,271
3310,2296,257
3311,515,685
3312,1383,2002
3313,2075,1524
3314,693,1980
3315,2953,2304
3316,2991,1331
3317,2776,1883
3318,2021,2820
3319,2465,2738
3320,1950,2141
3321,2185,396
3322,132,2865
3323,2478,2163
3324,1380,679
3325,2164,1461
3326,1561,3039
3327,638,1104
3328,480,778
3329,192,2872
3330,2381,219
3331,423,971
3332,1663,1082
3333,2932,2570
3334,818,563
3335,1890,2392
3336,3263,119
3337,1102,168
3338,3090,689
3339,2602,2596
3340,1497,2785
3341,3057,1644
3342,1085,234
3343,1805,1032
3344,296,2060
3345,2138,1443
3346,517,2425
3347,131,810
3348,2343,2441
3349,2628,72
3350,2435,426
3351,994,716
3352,930,1948
3353,2971,2866
3354,2842,1403
3355,716,830
3356,2880,3040
3357,223,3124
3358,2783,1949
3359,1867,2232
3360,899,2266
3361,2193,2404
3362,1113,2976
3363,112,156
3364,2893,2611
3365,3328,709
3366,18,63
3367,2471,1545
3368,3191,2227
3369,1670,333
3370,142,528
3371,2266,3167
3372,1647,1594
3373,2145,2151
3374,2698,197
3375,58,2443
3376,687,14
3377,907,1941
3378,1634,2981
3379,209,2489
3380,967,2682
3381,1747,1749
3382,3116,1609
3383,1155,149
3384,790,719
3385,2104,317
3386,962,714
3387,221,60
3388,659,1591
3389,3106,3183
3390,1045,1729
3391,3315,2623
3392,275,1651
3393,402,3042
3394,3335,1687
3395,1054,590
3396,3179,1122
3397,1709,2935
3398,3208,1544
3399,1059,607
3400,3119,2089
3401,1138,2983
3402,2689,2900
3403,2559,1163
3404,2119,1670
3405,2876,3098
3406,496,564
3407,1151,3100
3408,1861,1436
3409,252,2702
3410,1877,2298
3411,3322,718
3412,600,3181
3413,3180,2528
3414,891,484
3415,3189,2229
3416,624,2739
3417,2280,3377
3418,3351,2594
3419,1784,1369
3420,1693,605
3421,2265,3310
3422,956,508
3423,1385,3088
3424,1254,2970
3425,2658,887
3426,2085,2578
3427,2143,1208
3428,2812,1434
3429,690,3073
3430,1985,233
3431,1710,530
3432,2080,1042
3433,1515,965
3434,1300,1145
3435,2475,3138
3436,2521,2480
3437,1008,28
3438,2741,2620
3439,561,1992
3440,3266,1519
3441,1371,2630
3442,1898,1029
3443,2870,2820
3444,3443,1526
3445,201,1657
3446,471,2304
3447,2278,474
3448,200,1996
3449,2936,1767
3450,757,2000
3451,2085,5
3452,1832,1730
3453,2144,1717
3454,2845,1992
3455,1200,523
3456,3132,1443
3457,2001,806
3458,3006,2288
3459,1461,1441
3460,1973,2876
3461,1434,823
3462,3321,1420
3463,1517,1438
3464,3286,1164
3465,3431,2504
3466,2601,916
3467,3342,1189
3468,3405,3119
3469,3054,3191
3470,1880,1866
3471,824,3048
3472,526,1281
3473,637,2485
3474,1347,2538
3475,2555,2667
3476,1204,2325
3477,2172,271
3478,3184,1074
3479,999,3105
3480,3395,1124
3481,2852,251
3482,3062,1822
3483,985,1000
3484,3357,1130
3485,732,3401
3486,3284,144
3487,2353,1055
3488,766,1751
3489,2147,1005
3490,1200,1680
3491,1490,3345
3492,925,2949
3493,2897,2692
3494,2034,2604
3495,19,3283
3496,1252,2440
3497,505,2847
3498,966,106
3499,2670,1327
3500,1709,843
3501,1461,1235
3502,1310,515
3503,1488,143
3504,1761,1420
3505,2067,2415
3506,2539,889
3507,201,1742
3508,94,2186
3509,761,1229
3510,1163,2859
3511,595,3074
3512,691,927
3513,2187,2997
3514,1034,71
3515,3218,2280
3516,1981,704
3517,1657,1701
3518,143,2127
3519,2409,1077
3520,2611,1436
3521,997,1219
3522,1267,3426
3523,2129,3263
3524,301,1370
3525,2916,80
3526,786,895
3527,1738,2489
3528,3480,167
3529,813,1457
3530,1848,1035
3531,2222,2037
3532,2203,2649
3533,1079,2070
3534,2263,1873
3535,3526,2409
3536,1523,901
3537,2176,109
3538,3436,1225
3539,695,2427
3540,1273,977
3541,877,56
3542,511,1187
3543,2076,600
3544,2206,2667
3545,1838,354
3546,1943,317
3547,3359,1050
3548,1438,1923
3549,1175,1968
3550,993,1221
3551,1441,3435
3552,2498,1039
3553,2601,1688
3554,1158,2023
3555,1351,1402
3556,1213,2901
3557,3536,1057
3558,1344,2137
3559,2818,3330
3560,2460,2175
3561,1729,1316
3562,1871,1927
3563,2183,1104
3564,2239,1553
3565,1346,401
3566,347,1431
3567,2779,2494
3568,1812,2416
3569,3094,2502
3570,284,736
3571,2699,3176
3572,2846,1988
3573,483,566
3574,2618,941
3575,1390,1422
3576,243,1279
3577,445,883
3578,2914,2660
3579,100,947
3580,3137,1733
3581,228,2418
3582,501,1328
3583,3115,1591
3584,1291,723
3585,342,2140
3586,1010,2814
3587,1336,2640
3588,824,3198
3589,3099,328
3590,1567,3387
3591,238,398
3592,3275,1334
3593,3004,2531
3594,3362,424
3595,3241,254
3596,1785,2449
3597,2463,1316
3598,2064,3513
3599,3219,770
3600,460,2014
3601,855,1136
3602,2925,2772
3603,3049,859
3604,1020,3548
3605,2038,2546
3606,3169,1259
3607,3500,3114
3608,2379,1708
3609,1884,2144
3610,2226,2867
3611,494,2723
3612,1274,146
3613,1403,1614
3614,2843,960
3615,1868,1244
3616,2457,788
3617,814,533
3618,564,3233
3619,3272,1862
3620,553,3299
3621,1041,213
3622,1386,2770
3623,256,424
3624,1039,1731
3625,3170,2020
3626,2527,2261
3627,1816,1959
3628,2447,901
3629,2665,836
3630,3492,1543
3631,2332,594
3632,2472,2155
3633,378,1042
3634,193,1476
3635,2206,3304
3636,2049,2292
3637,2623,2168
3638,2088,2378
3639,2932,1707
3640,1591,2440
3641,1454,1185
3642,424,33
3643,843,2938
3644,2122,1110
3645,2725,1281
3646,3385,12
3647,2812,3131
3648,3220,2508
3649,3484,1790
3650,1757,1278
3651,2687,2847
3652,1299,2913
3653,3610,2578
3654,3305,2194
3655,3616,458
3656,656,235
3657,2450,1124
3658,157,1129
3659,2841,3098
3660,1529,3357
3661,2891,2915
3662,52,1965
3663,3263,386
3664,1511,869
3665,3090,2933
3666,218,324
3667,3475,2139
3668,2165,2333
3669,1061,1866
3670,886,79
3671,1729,2625
3672,2658,3514
3673,909,3250
3674,1082,734
3675,2105,1627
3676,922,3234
3677,2995,2547
3678,3054,376
3679,223,30
3680,611,1724
3681,1251,1820
3682,3168,3019
3683,2632,2481
3684,799,1511
3685,2737,325
3686,585,1901
3687,1472,2389
3688,2440,1241
3689,3121,2656
3690,2240,156
3691,260,1125
3692,2441,1106
3693,146,91
3694,2713,3312
3695,2621,475
3696,1532,2228
3697,2167,3008
3698,734,334
3699,2078,33
3700,1169,1735
3701,1069,2331
3702,357,3152
3703,637,69
3704,893,3421
3705,2963,1113
3706,2911,750
3707,819,2048
3708,2680,456
3709,2390,1102
3710,56,2116
3711,43,1237
3712,1101,259
3713,3218,968
3714,2468,1423
3715,2166,1575
3716,913,3481
3717,850,590
3718,1750,1629
3719,886,2960
3720,3505,3198
3721,998,3489
3722,898,2075
3723,3541,1446
3724,3337,2655
3725,1181,585
3726,2489,1930
3727,989,205
3728,3010,3670
3729,935,2656
3730,704,895
3731,463,1342
3732,2581,238
3733,900,2884
3734,2132,3225
3735,118,3023
3736,861,2680
3737,749,242
3738,1927,2716
3739,1698,3526
3740,3539,2844
3741,150,2816
3742,426,3227
3743,1835,413
3744,3062,2050
3745,1029,3227
3746,41,1156
3747,1920,2729
3748,3351,2251
3749,2174,3331
3750,891,1771
3751,1584,1319
3752,3617,246
3753,2748,2114
3754,933,3468
3755,2501,1932
3756,3662,2984
3757,532,3514
3758,1450,30
3759,2004,2505
3760,905,2094
3761,1966,2361
3762,1073,2029
3763,1397,172
3764,899,949
3765,3262,1272
3766,712,3478
3767,549,3431
3768,1644,1922
3769,2943,2178
3770,2890,888
3771,1246,1967
3772,975,1453
3773,2402,2396
3774,2878,530
3775,3532,2608
3776,343,2322
3777,1661,2445
3778,588,860
3779,2149,3100
3780,1774,160
3781,162,2808
3782,1749,3761
3783,3408,632
3784,335,3249
3785,957,1440
3786,649,1613
3787,1723,3351
3788,1644,100
3789,1893,1271
3790,1858,2521
3791,2176,1375
3792,658,1939
3793,3038,3298
3794,3644,2962
3795,2863,2879
3796,3272,1266
3797,34,556
3798,3033,3661
3799,2706,3409
3800,1013,1263
3801,3523,170
3802,3666,645
3803,561,1764
3804,2351,2041
3805,3784,3579
3806,2196,660
3807,2267,1218
3808,926,1427
3809,2235,783
3810,3755,3311
3811,1212,2354
3812,2722,2485
3813,3543,1951
3814,2118,2834
3815,620,437
3816,1176,411
3817,1605,251
3818,369,1655
3819,682,1928
3820,2767,2825
3821,1719,2249
3822,2585,83
3823,2690,718
3824,3673,3477
3825,334,572
3826,503,2575
3827,1201,1156
3828,3592,2482
3829,2983,3659
3830,782,1463
3831,2088,2903
3832,2544,3054
3833,2164,2975
3834,887,2881
3835,1641,1926
3836,1638,2198
3837,3016,1794
3838,3636,402
3839,3592,1707
3840,2514,3316
3841,1067,3749
3842,1185,3745
3843,681,1975
3844,3539,660
3845,1460,1492
3846,1395,1413
3847,1019,578
3848,535,574
3849,2251,93
3850,1064,578
3851,1523,1332
3852,3628,3608
3853,673,1069
3854,2641,168
3855,139,345
3856,819,2014
3857,1378,2012
3858,1576,1180
3859,2643,142
3860,3758,1946
3861,2676,3425
3862,3561,592
3863,3306,647
3864,225,3822
3865,941,2043
3866,1630,3385
3867,2230,3761
3868,3750,2417
3869,2849,414
3870,990,1202
3871,1042,3315
3872,418,1682
3873,2106,38
3874,3401,602
3875,1849,1882
3876,2388,1864
3877,2296,3753
3878,1885,1666
3879,1937,2667
3880,3805,1624
3881,1213,902
3882,443,2199
3883,962,3304
3884,3049,1236
3885,3657,2709
3886,2167,2810
3887,3211,1783
3888,3086,2616
3889,2981,2482
3890,3460,3661
3891,2535,3428
3892,2438,1468
3893,794,2616
3894,39,1266
3895,672,3378
3896,3645,2907
3897,669,32
3898,2513,2074
3899,2699,2848
3900,2791,618
3901,2464,652
3902,1829,2484
3903,2750,3204
3904,143,2398
3905,827,1263
3906,228,3385
3907,971,2734
3908,775,3790
3909,1770,3500
3910,3417,1725
3911,3823,2401
3912,3022,3225
3913,3559,3399
3914,1254,3276
3915,1892,1360
3916,3302,2948
3917,3529,2492
3918,2487,46
3919,1392,718
3920,737,2166
3921,862,1058
3922,289,3715
3923,3047,3141
3924,2481,1818
3925,2795,1297
3926,2445,3137
3927,3396,3312
3928,1199,300
3929,191,1094
3930,962,464
3931,3033,715
3932,2004,2522
3933,285,3043
3934,3691,2580
3935,3273,2285
3936,687,2129
3937,3182,349
3938,517,3410
3939,2188,3099
3940,3118,2104
3941,1349,3574
3942,2057,3394
3943,248,1006
3944,3388,343
3945,107,3108
3946,3758,2242
3947,383,1588
3948,3784,3624
3949,3910,3409
3950,3864,3338
3951,2802,2255
3952,3374,3667
3953,922,482
3954,3333,2189
3955,1000,1004
3956,2369,1272
3957,844,3860
3958,2161,261
3959,3421,3788
3960,1023,3353
3961,2373,3226
3962,562,1905
3963,1109,771
3964,1886,3542
3965,2757,0
3966,2450,360
3967,2951,2166
3968,3315,2558
3969,2934,2065
3970,2913,396
3971,2742,1941
3972,3619,1922
3973,1457,2547
3974,1647,2418
3975,1049,2465
3976,2903,38
3977,3896,3587
3978,1386,85
3979,2969,413
3980,996,790
3981,1146,1601
3982,284,3680
3983,2725,89
3984,3514,3599
3985,2211,107
3986,3889,2418
3987,2364,522
3988,88,1167
3989,1854,2428
3990,770,1840
3991,3616,1661
3992,3485,1374
3993,2389,3910
3994,2228,2550
3995,2163,1087
3996,3447,2534
3997,1154,2378
3998,2979,3217
3999,3593,3119
4000,1066,3064
4001,3784,891
4002,1664,2540
4003,465,3459
4004,2790,1330
4005,3028,3811
4006,706,840
4007,3969,2360
4008,1508,1404
4009,3256,792
4010,1832,1094
4011,3810,1322
4012,37,3244
4013,3112,627
4014,2970,330
4015,1600,1984
4016,651,744
4017,3916,1806
4018,989,2548
4019,3681,2988
4020,3265,368
4021,3134,653
4022,2091,3875
4023,1506,616
4024,868,1288
4025,3152,471
4026,94,3981
4027,1068,261
4028,960,1474
4029,3809,1280
4030,3428,814
4031,2879,2172
4032,456,1018
4033,234,1258
4034,2703,1516
4035,3136,2200
4036,1674,1455
4037,7,56
4038,2048,2248
4039,1156,613
4040,3366,2425
4041,2695,428
4042,720,1026
4043,3032,1450
4044,328,1548
4045,1270,1632
4046,364,2181
4047,2640,747
4048,622,800
4049,293,3756
4050,1018,1075
4051,3208,4008
4052,4027,3898
4053,2884,2781
4054,228,851
4055,3875,3426
4056,97,378
4057,3200,445
4058,1482,1988
4059,313,2884
4060,804,3726
4061,3189,1948
4062,405,2721
4063,3519,2469
4064,1924,307
4065,3702,1241
4066,1853,1167
4067,793,733
4068,1888,1198
4069,3619,585
4070,3956,1249
4071,651,3992
4072,2174,3298
4073,1587,1473
4074,1335,1888
4075,1714,3964
4076,3068,1683
4077,314,3685
4078,3280,2858
4079,164,1538
4080,4002,523
4081,3404,2624
4082,2976,558
4083,1567,3042
4084,2158,2081
4085,2404,782
4086,1142,1197
4087,670,2472
4088,54,374
4089,2419,1836
4090,2643,1885
4091,3482,2668
4092,3458,1681
4093,3084,3565
4094,3150,919
4095,3681,1999
