0,-1,-1
1,-1,-1
2,-1,-1
3,-1,-1
4,-1,-1
5,-1,-1
6,-1,-1
7,-1,-1
8,-1,-1
9,-1,-1
10,-1,-1
11,-1,-1
12,-1,-1
13,-1,-1
14,-1,-1
15,-1,-1
16,-1,-1
17,-1,-1
18,-1,-1
19,-1,-1
20,-1,-1
21,-1,-1
22,-1,-1
23,-1,-1
24,-1,-1
25,-1,-1
26,-1,-1
27,-1,-1
28,-1,-1
29,-1,-1
30,-1,-1
31,-1,-1
32,-1,-1
33,-1,-1
34,-1,-1
35,-1,-1
36,-1,-1
37,-1,-1
38,-1,-1
39,-1,-1
40,-1,-1
41,-1,-1
42,-1,-1
43,-1,-1
44,-1,-1
45,-1,-1
46,-1,-1
47,-1,-1
48,-1,-1
49,-1,-1
50,-1,-1
51,-1,-1
52,-1,-1
53,-1,-1
54,-1,-1
55,-1,-1
56,-1,-1
57,-1,-1
58,-1,-1
59,-1,-1
60,-1,-1
61,-1,-1
62,-1,-1
63,-1,-1
64,-1,-1
65,-1,-1
66,-1,-1
67,-1,-1
68,-1,-1
69,-1,-1
70,-1,-1
71,-1,-1
72,-1,-1
73,-1,-1
74,-1,-1
75,-1,-1
76,-1,-1
77,-1,-1
78,-1,-1
79,-1,-1
80,-1,-1
81,-1,-1
82,-1,-1
83,-1,-1
84,-1,-1
85,-1,-1
86,-1,-1
87,-1,-1
88,-1,-1
89,-1,-1
90,-1,-1
91,-1,-1
92,-1,-1
93,-1,-1
94,-1,-1
95,-1,-1
96,-1,-1
97,-1,-1
98,-1,-1
99,-1,-1
100,-1,-1
101,-1,-1
102,-1,-1
103,-1,-1
104,-1,-1
105,-1,-1
106,-1,-1
107,-1,-1
108,-1,-1
109,-1,-1
110,-1,-1
111,-1,-1
112,-1,-1
113,-1,-1
114,-1,-1
115,-1,-1
116,-1,-1
117,-1,-1
118,-1,-1
119,-1,-1
120,-1,-1
121,-1,-1
122,-1,-1
123,-1,-1
124,-1,-1
125,-1,-1
126,-1,-1
127,-1,-1
128,-1,-1
129,-1,-1
130,-1,-1
131,-1,-1
132,-1,-1
133,-1,-1
134,-1,-1
135,-1,-1
136,-1,-1
137,-1,-1
138,-1,-1
139,-1,-1
140,-1,-1
141,-1,-1
142,-1,-1
143,-1,-1
144,-1,-1
145,-1,-1
146,-1,-1
147,-1,-1
148,-1,-1
149,-1,-1
150,-1,-1
151,-1,-1
152,-1,-1
153,-1,-1
154,-1,-1
155,-1,-1
156,-1,-1
157,-1,-1
158,-1,-1
159,-1,-1
160,-1,-1
161,-1,-1
162,-1,-1
163,-1,-1
164,-1,-1
165,-1,-1
166,-1,-1
167,-1,-1
168,-1,-1
169,-1,-1
170,-1,-1
171,-1,-1
172,-1,-1
173,-1,-1
174,-1,-1
175,-1,-1
176,-1,-1
177,-1,-1
178,-1,-1
179,-1,-1
180,-1,-1
181,-1,-1
182,-1,-1
183,-1,-1
184,-1,-1
185,-1,-1
186,-1,-1
187,-1,-1
188,-1,-1
189,-1,-1
190,-1,-1
191,-1,-1
192,-1,-1
193,-1,-1
194,-1,-1
195,-1,-1
196,-1,-1
197,-1,-1
198,-1,-1
199,-1,-1
200,-1,-1
201,-1,-1
202,-1,-1
203,-1,-1
204,-1,-1
205,-1,-1
206,-1,-1
207,-1,-1
208,-1,-1
209,-1,-1
210,-1,-1
211,-1,-1
212,-1,-1
213,-1,-1
214,-1,-1
215,-1,-1
216,-1,-1
217,-1,-1
218,-1,-1
219,-1,-1
220,-1,-1
221,-1,-1
222,-1,-1
223,-1,-1
224,-1,-1
225,-1,-1
226,-1,-1
227,-1,-1
228,-1,-1
229,-1,-1
230,-1,-1
231,-1,-1
232,-1,-1
233,-1,-1
234,-1,-1
235,-1,-1
236,-1,-1
237,-1,-1
238,-1,-1
239,-1,-1
240,-1,-1
241,-1,-1
242,-1,-1
243,-1,-1
244,-1,-1
245,-1,-1
246,-1,-1
247,-1,-1
248,-1,-1
249,-1,-1
250,-1,-1
251,-1,-1
252,-1,-1
253,-1,-1
254,-1,-1
255,-1,-1
256,167,140
257,26,230
258,226,222
259,213,14
260,109,225
261,185,170
262,3,15
263,9,237
264,126,129
265,231,129
266,97,167
267,31,262
268,13,170
269,45,250
270,77,73
271,79,207
272,129,271
273,234,133
274,214,86
275,252,26
276,28,89
277,1,2
278,231,52
279,114,240
280,262,79
281,186,129
282,281,130
283,187,259
284,133,212
285,66,3
286,137,45
287,70,232
288,172,226
289,179,192
290,177,136
291,18,37
292,232,165
293,114,20
294,14,155
295,82,53
296,57,57
297,284,67
298,69,21
299,13,91
300,50,144
301,127,117
302,163,176
303,36,156
304,244,284
305,99,23
306,298,168
307,217,177
308,200,5
309,118,227
310,180,77
311,217,63
312,143,243
313,70,152
314,152,217
315,7,129
316,217,21
317,96,169
318,117,247
319,175,270
320,266,62
321,31,101
322,148,304
323,215,173
324,250,120
325,62,269
326,174,219
327,75,76
328,43,221
329,126,13
330,129,220
331,251,145
332,67,295
333,37,190
334,141,77
335,85,272
336,13,127
337,42,224
338,97,328
339,73,175
340,312,204
341,327,280
342,222,130
343,192,144
344,184,175
345,237,0
346,310,78
347,147,209
348,307,225
349,78,188
350,214,125
351,299,60
352,168,135
353,26,69
354,205,17
355,229,156
356,260,171
357,277,330
358,86,77
359,56,31
360,28,353
361,358,67
362,251,118
363,257,315
364,91,151
365,106,250
366,146,98
367,188,325
368,300,165
369,171,133
370,29,105
371,325,284
372,35,266
373,158,19
374,87,159
375,134,206
376,76,221
377,99,143
378,209,373
379,203,25
380,61,40
381,152,291
382,318,227
383,349,217
384,316,130
385,323,0
386,98,21
387,241,33
388,330,37
389,322,249
390,175,81
391,278,76
392,144,373
393,83,33
394,62,148
395,21,142
396,98,164
397,295,250
398,120,256
399,343,155
400,84,233
401,108,123
402,48,234
403,109,50
404,236,206
405,67,184
406,95,268
407,112,286
408,273,219
409,87,349
410,1,113
411,103,30
412,145,80
413,326,273
414,74,277
415,233,280
416,302,414
417,100,319
418,179,360
419,47,104
420,194,414
421,264,390
422,169,25
423,35,156
424,12,361
425,60,313
426,149,223
427,161,320
428,250,351
429,310,80
430,90,86
431,40,361
432,162,392
433,215,370
434,175,181
435,292,162
436,110,360
437,403,231
438,257,180
439,38,432
440,420,124
441,96,35
442,66,350
443,221,431
444,152,233
445,81,176
446,133,303
447,230,2
448,59,145
449,308,434
450,82,180
451,329,313
452,407,45
453,243,372
454,233,370
455,17,186
456,38,357
457,10,1
458,122,344
459,97,378
460,101,179
461,94,42
462,133,323
463,80,199
464,402,417
465,179,410
466,168,425
467,283,89
468,144,464
469,259,457
470,300,361
471,393,351
472,349,99
473,38,82
474,137,158
475,451,94
476,429,437
477,460,110
478,125,363
479,292,355
480,340,460
481,436,430
482,102,127
483,410,291
484,246,359
485,99,238
486,286,94
487,45,93
488,80,359
489,315,118
490,429,415
491,242,196
492,173,20
493,125,4
494,473,84
495,416,480
496,99,269
497,323,77
498,209,170
499,300,364
500,259,489
501,19,279
502,443,347
503,325,99
504,238,178
505,208,163
506,261,455
507,59,242
508,111,209
509,148,90
510,124,473
511,448,316
