0,-1,-1
1,-1,-1
2,-1,-1
3,-1,-1
4,-1,-1
5,-1,-1
6,-1,-1
7,-1,-1
8,-1,-1
9,-1,-1
10,-1,-1
11,-1,-1
12,-1,-1
13,-1,-1
14,-1,-1
15,-1,-1
16,-1,-1
17,-1,-1
18,-1,-1
19,-1,-1
20,-1,-1
21,-1,-1
22,-1,-1
23,-1,-1
24,-1,-1
25,-1,-1
26,-1,-1
27,-1,-1
28,-1,-1
29,-1,-1
30,-1,-1
31,-1,-1
32,-1,-1
33,-1,-1
34,-1,-1
35,-1,-1
36,-1,-1
37,-1,-1
38,-1,-1
39,-1,-1
40,-1,-1
41,-1,-1
42,-1,-1
43,-1,-1
44,-1,-1
45,-1,-1
46,-1,-1
47,-1,-1
48,-1,-1
49,-1,-1
50,-1,-1
51,-1,-1
52,-1,-1
53,-1,-1
54,-1,-1
55,-1,-1
56,-1,-1
57,-1,-1
58,-1,-1
59,-1,-1
60,-1,-1
61,-1,-1
62,-1,-1
63,-1,-1
64,-1,-1
65,-1,-1
66,-1,-1
67,-1,-1
68,-1,-1
69,-1,-1
70,-1,-1
71,-1,-1
72,-1,-1
73,-1,-1
74,-1,-1
75,-1,-1
76,-1,-1
77,-1,-1
78,-1,-1
79,-1,-1
80,-1,-1
81,-1,-1
82,-1,-1
83,-1,-1
84,-1,-1
85,-1,-1
86,-1,-1
87,-1,-1
88,-1,-1
89,-1,-1
90,-1,-1
91,-1,-1
92,-1,-1
93,-1,-1
94,-1,-1
95,-1,-1
96,-1,-1
97,-1,-1
98,-1,-1
99,-1,-1
100,-1,-1
101,-1,-1
102,-1,-1
103,-1,-1
104,-1,-1
105,-1,-1
106,-1,-1
107,-1,-1
108,-1,-1
109,-1,-1
110,-1,-1
111,-1,-1
112,-1,-1
113,-1,-1
114,-1,-1
115,-1,-1
116,-1,-1
117,-1,-1
118,-1,-1
119,-1,-1
120,-1,-1
121,-1,-1
122,-1,-1
123,-1,-1
124,-1,-1
125,-1,-1
126,-1,-1
127,-1,-1
128,-1,-1
129,-1,-1
130,-1,-1
131,-1,-1
132,-1,-1
133,-1,-1
134,-1,-1
135,-1,-1
136,-1,-1
137,-1,-1
138,-1,-1
139,-1,-1
140,-1,-1
141,-1,-1
142,-1,-1
143,-1,-1
144,-1,-1
145,-1,-1
146,-1,-1
147,-1,-1
148,-1,-1
149,-1,-1
150,-1,-1
151,-1,-1
152,-1,-1
153,-1,-1
154,-1,-1
155,-1,-1
156,-1,-1
157,-1,-1
158,-1,-1
159,-1,-1
160,-1,-1
161,-1,-1
162,-1,-1
163,-1,-1
164,-1,-1
165,-1,-1
166,-1,-1
167,-1,-1
168,-1,-1
169,-1,-1
170,-1,-1
171,-1,-1
172,-1,-1
173,-1,-1
174,-1,-1
175,-1,-1
176,-1,-1
177,-1,-1
178,-1,-1
179,-1,-1
180,-1,-1
181,-1,-1
182,-1,-1
183,-1,-1
184,-1,-1
185,-1,-1
186,-1,-1
187,-1,-1
188,-1,-1
189,-1,-1
190,-1,-1
191,-1,-1
192,-1,-1
193,-1,-1
194,-1,-1
195,-1,-1
196,-1,-1
197,-1,-1
198,-1,-1
199,-1,-1
200,-1,-1
201,-1,-1
202,-1,-1
203,-1,-1
204,-1,-1
205,-1,-1
206,-1,-1
207,-1,-1
208,-1,-1
209,-1,-1
210,-1,-1
211,-1,-1
212,-1,-1
213,-1,-1
214,-1,-1
215,-1,-1
216,-1,-1
217,-1,-1
218,-1,-1
219,-1,-1
220,-1,-1
221,-1,-1
222,-1,-1
223,-1,-1
224,-1,-1
225,-1,-1
226,-1,-1
227,-1,-1
228,-1,-1
229,-1,-1
230,-1,-1
231,-1,-1
232,-1,-1
233,-1,-1
234,-1,-1
235,-1,-1
236,-1,-1
237,-1,-1
238,-1,-1
239,-1,-1
240,-1,-1
241,-1,-1
242,-1,-1
243,-1,-1
244,-1,-1
245,-1,-1
246,-1,-1
247,-1,-1
248,-1,-1
249,-1,-1
250,-1,-1
251,-1,-1
252,-1,-1
253,-1,-1
254,-1,-1
255,-1,-1
256,-1,-1
257,-1,-1
258,-1,-1
259,-1,-1
260,-1,-1
261,-1,-1
262,-1,-1
263,-1,-1
264,-1,-1
265,-1,-1
266,-1,-1
267,-1,-1
268,-1,-1
269,-1,-1
270,-1,-1
271,-1,-1
272,-1,-1
273,-1,-1
274,-1,-1
275,-1,-1
276,-1,-1
277,-1,-1
278,-1,-1
279,-1,-1
280,-1,-1
281,-1,-1
282,-1,-1
283,-1,-1
284,-1,-1
285,-1,-1
286,-1,-1
287,-1,-1
288,-1,-1
289,-1,-1
290,-1,-1
291,-1,-1
292,-1,-1
293,-1,-1
294,-1,-1
295,-1,-1
296,-1,-1
297,-1,-1
298,-1,-1
299,-1,-1
300,-1,-1
301,-1,-1
302,-1,-1
303,-1,-1
304,-1,-1
305,-1,-1
306,-1,-1
307,-1,-1
308,-1,-1
309,-1,-1
310,-1,-1
311,-1,-1
312,-1,-1
313,-1,-1
314,-1,-1
315,-1,-1
316,-1,-1
317,-1,-1
318,-1,-1
319,-1,-1
320,-1,-1
321,-1,-1
322,-1,-1
323,-1,-1
324,-1,-1
325,-1,-1
326,-1,-1
327,-1,-1
328,-1,-1
329,-1,-1
330,-1,-1
331,-1,-1
332,-1,-1
333,-1,-1
334,-1,-1
335,-1,-1
336,-1,-1
337,-1,-1
338,-1,-1
339,-1,-1
340,-1,-1
341,-1,-1
342,-1,-1
343,-1,-1
344,-1,-1
345,-1,-1
346,-1,-1
347,-1,-1
348,-1,-1
349,-1,-1
350,-1,-1
351,-1,-1
352,-1,-1
353,-1,-1
354,-1,-1
355,-1,-1
356,-1,-1
357,-1,-1
358,-1,-1
359,-1,-1
360,-1,-1
361,-1,-1
362,-1,-1
363,-1,-1
364,-1,-1
365,-1,-1
366,-1,-1
367,-1,-1
368,-1,-1
369,-1,-1
370,-1,-1
371,-1,-1
372,-1,-1
373,-1,-1
374,-1,-1
375,-1,-1
376,-1,-1
377,-1,-1
378,-1,-1
379,-1,-1
380,-1,-1
381,-1,-1
382,-1,-1
383,-1,-1
384,-1,-1
385,-1,-1
386,-1,-1
387,-1,-1
388,-1,-1
389,-1,-1
390,-1,-1
391,-1,-1
392,-1,-1
393,-1,-1
394,-1,-1
395,-1,-1
396,-1,-1
397,-1,-1
398,-1,-1
399,-1,-1
400,-1,-1
401,-1,-1
402,-1,-1
403,-1,-1
404,-1,-1
405,-1,-1
406,-1,-1
407,-1,-1
408,-1,-1
409,-1,-1
410,-1,-1
411,-1,-1
412,-1,-1
413,-1,-1
414,-1,-1
415,-1,-1
416,-1,-1
417,-1,-1
418,-1,-1
419,-1,-1
420,-1,-1
421,-1,-1
422,-1,-1
423,-1,-1
424,-1,-1
425,-1,-1
426,-1,-1
427,-1,-1
428,-1,-1
429,-1,-1
430,-1,-1
431,-1,-1
432,-1,-1
433,-1,-1
434,-1,-1
435,-1,-1
436,-1,-1
437,-1,-1
438,-1,-1
439,-1,-1
440,-1,-1
441,-1,-1
442,-1,-1
443,-1,-1
444,-1,-1
445,-1,-1
446,-1,-1
447,-1,-1
448,-1,-1
449,-1,-1
450,-1,-1
451,-1,-1
452,-1,-1
453,-1,-1
454,-1,-1
455,-1,-1
456,-1,-1
457,-1,-1
458,-1,-1
459,-1,-1
460,-1,-1
461,-1,-1
462,-1,-1
463,-1,-1
464,-1,-1
465,-1,-1
466,-1,-1
467,-1,-1
468,-1,-1
469,-1,-1
470,-1,-1
471,-1,-1
472,-1,-1
473,-1,-1
474,-1,-1
475,-1,-1
476,-1,-1
477,-1,-1
478,-1,-1
479,-1,-1
480,-1,-1
481,-1,-1
482,-1,-1
483,-1,-1
484,-1,-1
485,-1,-1
486,-1,-1
487,-1,-1
488,-1,-1
489,-1,-1
490,-1,-1
491,-1,-1
492,-1,-1
493,-1,-1
494,-1,-1
495,-1,-1
496,-1,-1
497,-1,-1
498,-1,-1
499,-1,-1
500,-1,-1
501,-1,-1
502,-1,-1
503,-1,-1
504,-1,-1
505,-1,-1
506,-1,-1
507,-1,-1
508,-1,-1
509,-1,-1
510,-1,-1
511,-1,-1
512,-1,-1
513,-1,-1
514,-1,-1
515,-1,-1
516,-1,-1
517,-1,-1
518,-1,-1
519,-1,-1
520,-1,-1
521,-1,-1
522,-1,-1
523,-1,-1
524,-1,-1
525,-1,-1
526,-1,-1
527,-1,-1
528,-1,-1
529,-1,-1
530,-1,-1
531,-1,-1
532,-1,-1
533,-1,-1
534,-1,-1
535,-1,-1
536,-1,-1
537,-1,-1
538,-1,-1
539,-1,-1
540,-1,-1
541,-1,-1
542,-1,-1
543,-1,-1
544,-1,-1
545,-1,-1
546,-1,-1
547,-1,-1
548,-1,-1
549,-1,-1
550,-1,-1
551,-1,-1
552,-1,-1
553,-1,-1
554,-1,-1
555,-1,-1
556,-1,-1
557,-1,-1
558,-1,-1
559,-1,-1
560,-1,-1
561,-1,-1
562,-1,-1
563,-1,-1
564,-1,-1
565,-1,-1
566,-1,-1
567,-1,-1
568,-1,-1
569,-1,-1
570,-1,-1
571,-1,-1
572,-1,-1
573,-1,-1
574,-1,-1
575,-1,-1
576,-1,-1
577,-1,-1
578,-1,-1
579,-1,-1
580,-1,-1
581,-1,-1
582,-1,-1
583,-1,-1
584,-1,-1
585,-1,-1
586,-1,-1
587,-1,-1
588,-1,-1
589,-1,-1
590,-1,-1
591,-1,-1
592,-1,-1
593,-1,-1
594,-1,-1
595,-1,-1
596,-1,-1
597,-1,-1
598,-1,-1
599,-1,-1
600,-1,-1
601,-1,-1
602,-1,-1
603,-1,-1
604,-1,-1
605,-1,-1
606,-1,-1
607,-1,-1
608,-1,-1
609,-1,-1
610,-1,-1
611,-1,-1
612,-1,-1
613,-1,-1
614,-1,-1
615,-1,-1
616,-1,-1
617,-1,-1
618,-1,-1
619,-1,-1
620,-1,-1
621,-1,-1
622,-1,-1
623,-1,-1
624,-1,-1
625,-1,-1
626,-1,-1
627,-1,-1
628,-1,-1
629,-1,-1
630,-1,-1
631,-1,-1
632,-1,-1
633,-1,-1
634,-1,-1
635,-1,-1
636,-1,-1
637,-1,-1
638,-1,-1
639,-1,-1
640,-1,-1
641,-1,-1
642,-1,-1
643,-1,-1
644,-1,-1
645,-1,-1
646,-1,-1
647,-1,-1
648,-1,-1
649,-1,-1
650,-1,-1
651,-1,-1
652,-1,-1
653,-1,-1
654,-1,-1
655,-1,-1
656,-1,-1
657,-1,-1
658,-1,-1
659,-1,-1
660,-1,-1
661,-1,-1
662,-1,-1
663,-1,-1
664,-1,-1
665,-1,-1
666,-1,-1
667,-1,-1
668,-1,-1
669,-1,-1
670,-1,-1
671,-1,-1
672,-1,-1
673,-1,-1
674,-1,-1
675,-1,-1
676,-1,-1
677,-1,-1
678,-1,-1
679,-1,-1
680,-1,-1
681,-1,-1
682,-1,-1
683,-1,-1
684,-1,-1
685,-1,-1
686,-1,-1
687,-1,-1
688,-1,-1
689,-1,-1
690,-1,-1
691,-1,-1
692,-1,-1
693,-1,-1
694,-1,-1
695,-1,-1
696,-1,-1
697,-1,-1
698,-1,-1
699,-1,-1
700,-1,-1
701,-1,-1
702,-1,-1
703,-1,-1
704,-1,-1
705,-1,-1
706,-1,-1
707,-1,-1
708,-1,-1
709,-1,-1
710,-1,-1
711,-1,-1
712,-1,-1
713,-1,-1
714,-1,-1
715,-1,-1
716,-1,-1
717,-1,-1
718,-1,-1
719,-1,-1
720,-1,-1
721,-1,-1
722,-1,-1
723,-1,-1
724,-1,-1
725,-1,-1
726,-1,-1
727,-1,-1
728,-1,-1
729,-1,-1
730,-1,-1
731,-1,-1
732,-1,-1
733,-1,-1
734,-1,-1
735,-1,-1
736,-1,-1
737,-1,-1
738,-1,-1
739,-1,-1
740,-1,-1
741,-1,-1
742,-1,-1
743,-1,-1
744,-1,-1
745,-1,-1
746,-1,-1
747,-1,-1
748,-1,-1
749,-1,-1
750,-1,-1
751,-1,-1
752,-1,-1
753,-1,-1
754,-1,-1
755,-1,-1
756,-1,-1
757,-1,-1
758,-1,-1
759,-1,-1
760,-1,-1
761,-1,-1
762,-1,-1
763,-1,-1
764,-1,-1
765,-1,-1
766,-1,-1
767,-1,-1
768,-1,-1
769,-1,-1
770,-1,-1
771,-1,-1
772,-1,-1
773,-1,-1
774,-1,-1
775,-1,-1
776,-1,-1
777,-1,-1
778,-1,-1
779,-1,-1
780,-1,-1
781,-1,-1
782,-1,-1
783,-1,-1
784,-1,-1
785,-1,-1
786,-1,-1
787,-1,-1
788,-1,-1
789,-1,-1
790,-1,-1
791,-1,-1
792,-1,-1
793,-1,-1
794,-1,-1
795,-1,-1
796,-1,-1
797,-1,-1
798,-1,-1
799,-1,-1
800,-1,-1
801,-1,-1
802,-1,-1
803,-1,-1
804,-1,-1
805,-1,-1
806,-1,-1
807,-1,-1
808,-1,-1
809,-1,-1
810,-1,-1
811,-1,-1
812,-1,-1
813,-1,-1
814,-1,-1
815,-1,-1
816,-1,-1
817,-1,-1
818,-1,-1
819,-1,-1
820,-1,-1
821,-1,-1
822,-1,-1
823,-1,-1
824,-1,-1
825,-1,-1
826,-1,-1
827,-1,-1
828,-1,-1
829,-1,-1
830,-1,-1
831,-1,-1
832,-1,-1
833,-1,-1
834,-1,-1
835,-1,-1
836,-1,-1
837,-1,-1
838,-1,-1
839,-1,-1
840,-1,-1
841,-1,-1
842,-1,-1
843,-1,-1
844,-1,-1
845,-1,-1
846,-1,-1
847,-1,-1
848,-1,-1
849,-1,-1
850,-1,-1
851,-1,-1
852,-1,-1
853,-1,-1
854,-1,-1
855,-1,-1
856,-1,-1
857,-1,-1
858,-1,-1
859,-1,-1
860,-1,-1
861,-1,-1
862,-1,-1
863,-1,-1
864,-1,-1
865,-1,-1
866,-1,-1
867,-1,-1
868,-1,-1
869,-1,-1
870,-1,-1
871,-1,-1
872,-1,-1
873,-1,-1
874,-1,-1
875,-1,-1
876,-1,-1
877,-1,-1
878,-1,-1
879,-1,-1
880,-1,-1
881,-1,-1
882,-1,-1
883,-1,-1
884,-1,-1
885,-1,-1
886,-1,-1
887,-1,-1
888,-1,-1
889,-1,-1
890,-1,-1
891,-1,-1
892,-1,-1
893,-1,-1
894,-1,-1
895,-1,-1
896,-1,-1
897,-1,-1
898,-1,-1
899,-1,-1
900,-1,-1
901,-1,-1
902,-1,-1
903,-1,-1
904,-1,-1
905,-1,-1
906,-1,-1
907,-1,-1
908,-1,-1
909,-1,-1
910,-1,-1
911,-1,-1
912,-1,-1
913,-1,-1
914,-1,-1
915,-1,-1
916,-1,-1
917,-1,-1
918,-1,-1
919,-1,-1
920,-1,-1
921,-1,-1
922,-1,-1
923,-1,-1
924,-1,-1
925,-1,-1
926,-1,-1
927,-1,-1
928,-1,-1
929,-1,-1
930,-1,-1
931,-1,-1
932,-1,-1
933,-1,-1
934,-1,-1
935,-1,-1
936,-1,-1
937,-1,-1
938,-1,-1
939,-1,-1
940,-1,-1
941,-1,-1
942,-1,-1
943,-1,-1
944,-1,-1
945,-1,-1
946,-1,-1
947,-1,-1
948,-1,-1
949,-1,-1
950,-1,-1
951,-1,-1
952,-1,-1
953,-1,-1
954,-1,-1
955,-1,-1
956,-1,-1
957,-1,-1
958,-1,-1
959,-1,-1
960,-1,-1
961,-1,-1
962,-1,-1
963,-1,-1
964,-1,-1
965,-1,-1
966,-1,-1
967,-1,-1
968,-1,-1
969,-1,-1
970,-1,-1
971,-1,-1
972,-1,-1
973,-1,-1
974,-1,-1
975,-1,-1
976,-1,-1
977,-1,-1
978,-1,-1
979,-1,-1
980,-1,-1
981,-1,-1
982,-1,-1
983,-1,-1
984,-1,-1
985,-1,-1
986,-1,-1
987,-1,-1
988,-1,-1
989,-1,-1
990,-1,-1
991,-1,-1
992,-1,-1
993,-1,-1
994,-1,-1
995,-1,-1
996,-1,-1
997,-1,-1
998,-1,-1
999,-1,-1
1000,-1,-1
1001,-1,-1
1002,-1,-1
1003,-1,-1
1004,-1,-1
1005,-1,-1
1006,-1,-1
1007,-1,-1
1008,-1,-1
1009,-1,-1
1010,-1,-1
1011,-1,-1
1012,-1,-1
1013,-1,-1
1014,-1,-1
1015,-1,-1
1016,-1,-1
1017,-1,-1
1018,-1,-1
1019,-1,-1
1020,-1,-1
1021,-1,-1
1022,-1,-1
1023,-1,-1
1024,818,159
1025,151,735
1026,594,927
1027,893,614
1028,379,553
1029,682,777
1030,29,459
1031,632,1008
1032,12,993
1033,19,500
1034,54,814
1035,14,189
1036,133,230
1037,50,451
1038,696,122
1039,793,612
1040,528,785
1041,720,57
1042,747,921
1043,157,961
1044,737,630
1045,496,240
1046,892,177
1047,180,694
1048,47,941
1049,793,772
1050,961,627
1051,565,601
1052,63,325
1053,829,283
1054,35,465
1055,68,268
1056,864,810
1057,1012,136
1058,625,607
1059,319,328
1060,1025,92
1061,1004,116
1062,699,657
1063,660,1000
1064,619,707
1065,362,927
1066,815,751
1067,1054,505
1068,255,774
1069,999,927
1070,153,930
1071,506,858
1072,137,675
1073,1022,1004
1074,146,86
1075,977,774
1076,643,73
1077,1058,657
1078,295,614
1079,708,118
1080,681,347
1081,866,739
1082,137,976
1083,417,168
1084,915,490
1085,783,261
1086,49,995
1087,857,571
1088,445,763
1089,424,765
1090,386,62
1091,506,938
1092,473,694
1093,94,140
1094,507,576
1095,347,600
1096,814,321
1097,647,831
1098,238,980
1099,404,1016
1100,761,708
1101,850,838
1102,817,274
1103,401,106
1104,774,742
1105,977,245
1106,778,299
1107,809,147
1108,438,395
1109,987,536
1110,61,1007
1111,541,1028
1112,303,882
1113,839,765
1114,530,307
1115,810,19
1116,569,177
1117,9,120
1118,423,421
1119,44,992
1120,970,211
1121,598,352
1122,695,11
1123,913,615
1124,369,791
1125,93,289
1126,172,532
1127,374,878
1128,250,104
1129,637,442
1130,238,1087
1131,1007,401
1132,898,194
1133,630,43
1134,266,450
1135,288,528
1136,527,124
1137,546,242
1138,852,139
1139,1031,633
1140,77,118
1141,367,437
1142,184,91
1143,510,315
1144,806,314
1145,220,215
1146,861,1035
1147,41,1072
1148,405,282
1149,51,164
1150,264,450
1151,454,410
1152,195,696
1153,724,898
1154,651,445
1155,9,422
1156,194,739
1157,89,987
1158,429,1056
1159,294,1012
1160,76,138
1161,883,286
1162,1044,961
1163,1098,89
1164,70,841
1165,265,4
1166,319,1118
1167,982,749
1168,819,596
1169,127,61
1170,764,71
1171,826,347
1172,244,1037
1173,1121,1050
1174,1067,594
1175,992,1043
1176,922,515
1177,593,171
1178,14,1013
1179,1063,540
1180,704,904
1181,190,754
1182,865,395
1183,775,1019
1184,392,1093
1185,1009,799
1186,921,238
1187,149,694
1188,788,503
1189,904,248
1190,1023,455
1191,551,1043
1192,481,677
1193,778,189
1194,1147,838
1195,586,600
1196,1192,60
1197,20,422
1198,1136,655
1199,817,941
1200,823,414
1201,4,373
1202,567,544
1203,555,1161
1204,933,188
1205,801,33
1206,249,278
1207,1159,749
1208,921,1037
1209,950,657
1210,610,854
1211,183,575
1212,525,225
1213,999,463
1214,338,1069
1215,513,105
1216,1073,772
1217,520,31
1218,1085,199
1219,288,286
1220,610,427
1221,650,820
1222,1115,768
1223,52,225
1224,644,82
1225,1084,90
1226,1073,766
1227,84,128
1228,729,1211
1229,1139,602
1230,88,229
1231,990,172
1232,372,1166
1233,1198,507
1234,946,531
1235,1140,944
1236,1076,106
1237,936,418
1238,490,897
1239,312,493
1240,130,27
1241,941,1227
1242,898,252
1243,631,1173
1244,880,408
1245,285,977
1246,997,205
1247,726,106
1248,1078,951
1249,49,46
1250,475,781
1251,740,734
1252,153,852
1253,936,614
1254,1032,37
1255,341,612
1256,1109,721
1257,751,385
1258,278,316
1259,442,985
1260,1047,757
1261,259,803
1262,728,244
1263,909,1074
1264,719,973
1265,123,530
1266,828,113
1267,394,1041
1268,763,696
1269,906,848
1270,15,113
1271,320,1118
1272,170,901
1273,475,920
1274,1068,1073
1275,467,187
1276,173,423
1277,982,493
1278,1071,514
1279,258,1083
1280,101,513
1281,1094,617
1282,1050,58
1283,1093,370
1284,650,671
1285,1110,445
1286,25,181
1287,783,497
1288,929,906
1289,1012,8
1290,474,547
1291,1188,828
1292,27,820
1293,93,730
1294,25,1056
1295,1017,391
1296,973,1027
1297,48,183
1298,932,1051
1299,491,373
1300,194,47
1301,798,81
1302,115,158
1303,244,1063
1304,1140,1031
1305,163,155
1306,1191,1025
1307,1153,227
1308,902,178
1309,550,125
1310,984,616
1311,134,279
1312,408,46
1313,706,1081
1314,1205,530
1315,688,491
1316,1227,552
1317,1193,247
1318,84,505
1319,482,1267
1320,256,95
1321,1005,37
1322,596,461
1323,8,890
1324,421,1122
1325,397,863
1326,775,919
1327,664,366
1328,1215,488
1329,27,1178
1330,364,332
1331,745,1245
1332,1146,879
1333,1245,895
1334,1245,64
1335,1317,1237
1336,775,787
1337,42,19
1338,85,773
1339,538,597
1340,252,70
1341,1125,545
1342,313,554
1343,49,336
1344,1038,897
1345,1154,702
1346,1105,29
1347,902,2
1348,544,1109
1349,923,247
1350,787,582
1351,782,757
1352,1263,817
1353,451,686
1354,423,1335
1355,428,704
1356,289,567
1357,1273,1267
1358,548,197
1359,477,427
1360,285,170
1361,452,1086
1362,91,559
1363,17,756
1364,704,31
1365,188,830
1366,956,1354
1367,132,832
1368,1103,906
1369,373,476
1370,1220,519
1371,430,696
1372,737,1243
1373,498,773
1374,221,433
1375,85,1181
1376,191,309
1377,80,262
1378,771,1309
1379,880,947
1380,1317,302
1381,1071,276
1382,768,572
1383,691,1357
1384,302,1134
1385,210,190
1386,844,907
1387,134,630
1388,359,218
1389,514,108
1390,1099,143
1391,248,113
1392,508,335
1393,329,1026
1394,395,913
1395,801,704
1396,667,1395
1397,40,366
1398,178,542
1399,1008,1042
1400,497,240
1401,128,902
1402,1199,998
1403,866,357
1404,1117,346
1405,993,34
1406,1248,81
1407,985,319
1408,647,1052
1409,156,1210
1410,1326,263
1411,263,717
1412,555,551
1413,448,196
1414,236,569
1415,909,1168
1416,298,62
1417,679,134
1418,233,758
1419,506,565
1420,689,720
1421,265,147
1422,940,1006
1423,1331,488
1424,1191,1054
1425,169,1258
1426,580,357
1427,1282,1024
1428,1185,1036
1429,1126,1168
1430,1306,394
1431,909,915
1432,813,622
1433,1040,1154
1434,722,494
1435,1017,565
1436,13,384
1437,565,1284
1438,1404,1188
1439,154,902
1440,512,1321
1441,453,179
1442,84,450
1443,499,1040
1444,797,1426
1445,801,1379
1446,1233,1086
1447,298,919
1448,831,56
1449,285,894
1450,600,1381
1451,1009,368
1452,901,1116
1453,773,895
1454,1250,183
1455,848,100
1456,775,682
1457,621,113
1458,286,897
1459,937,49
1460,1375,1194
1461,673,1396
1462,184,454
1463,116,1022
1464,656,973
1465,839,788
1466,491,1029
1467,702,795
1468,1290,49
1469,1250,1108
1470,1003,919
1471,1298,1135
1472,1046,877
1473,108,588
1474,687,751
1475,809,907
1476,884,1006
1477,94,59
1478,985,970
1479,1331,497
1480,977,1134
1481,968,972
1482,209,1105
1483,186,35
1484,1150,555
1485,380,287
1486,221,363
1487,724,94
1488,177,1370
1489,1018,911
1490,94,687
1491,1476,1031
1492,1408,842
1493,736,795
1494,803,232
1495,412,687
1496,870,882
1497,1049,11
1498,1365,1206
1499,1311,881
1500,923,1079
1501,706,721
1502,159,888
1503,1415,850
1504,1234,1469
1505,732,257
1506,1005,1074
1507,243,56
1508,1480,57
1509,851,863
1510,776,499
1511,1408,1171
1512,515,70
1513,2,1022
1514,2,1208
1515,488,992
1516,1370,1216
1517,1292,913
1518,461,512
1519,137,13
1520,62,520
1521,1469,150
1522,1211,1291
1523,1487,1365
1524,1067,46
1525,650,861
1526,315,567
1527,1085,478
1528,354,868
1529,1217,203
1530,1378,824
1531,313,440
1532,1502,951
1533,832,1449
1534,1288,1511
1535,1179,3
1536,1201,753
1537,751,184
1538,1042,1462
1539,1139,489
1540,174,270
1541,1033,1349
1542,1273,696
1543,1090,807
1544,1006,489
1545,1519,181
1546,421,1111
1547,1215,484
1548,636,1195
1549,896,430
1550,904,921
1551,1432,813
1552,685,739
1553,101,308
1554,1095,835
1555,1440,518
1556,980,1512
1557,1544,24
1558,696,348
1559,881,410
1560,53,159
1561,1481,1531
1562,250,974
1563,1276,806
1564,867,1531
1565,247,1530
1566,483,848
1567,491,679
1568,549,257
1569,489,602
1570,832,371
1571,782,1133
1572,915,1119
1573,460,807
1574,1109,195
1575,770,545
1576,552,1490
1577,1147,948
1578,356,795
1579,1403,898
1580,159,1540
1581,216,309
1582,1433,1201
1583,137,1093
1584,916,46
1585,853,454
1586,1026,1033
1587,1334,556
1588,1220,113
1589,789,1564
1590,1398,1040
1591,247,1169
1592,1009,491
1593,1185,1168
1594,1185,951
1595,359,756
1596,1104,693
1597,590,872
1598,299,241
1599,406,850
1600,1428,985
1601,13,692
1602,447,844
1603,305,1233
1604,639,1097
1605,854,1164
1606,454,1502
1607,878,411
1608,853,2
1609,100,1226
1610,743,1461
1611,928,1286
1612,1603,367
1613,1300,1104
1614,814,1605
1615,201,87
1616,1292,1229
1617,385,211
1618,514,14
1619,1314,786
1620,176,682
1621,1256,661
1622,993,1587
1623,633,1234
1624,720,28
1625,1287,1025
1626,680,626
1627,555,141
1628,1250,1247
1629,413,767
1630,1439,1198
1631,503,747
1632,1290,894
1633,1391,626
1634,148,188
1635,1152,957
1636,1022,1235
1637,1590,56
1638,1388,735
1639,468,653
1640,731,579
1641,864,86
1642,465,1100
1643,1403,694
1644,1225,893
1645,1136,419
1646,391,870
1647,129,362
1648,819,599
1649,60,439
1650,1604,857
1651,402,1295
1652,646,1137
1653,766,503
1654,1399,799
1655,1447,1138
1656,145,193
1657,1100,856
1658,781,644
1659,476,1088
1660,828,741
1661,231,910
1662,810,224
1663,1375,647
1664,614,127
1665,621,1026
1666,511,1097
1667,856,899
1668,1178,466
1669,770,1286
1670,441,961
1671,883,1425
1672,1573,226
1673,212,785
1674,1525,1579
1675,160,753
1676,1530,906
1677,1585,901
1678,907,1283
1679,963,1226
1680,1630,864
1681,837,866
1682,1000,1627
1683,470,328
1684,1371,688
1685,1077,864
1686,1593,1608
1687,1510,889
1688,1342,506
1689,1369,842
1690,83,813
1691,102,1025
1692,1508,1030
1693,726,641
1694,834,1643
1695,422,218
1696,1578,1274
1697,466,898
1698,70,921
1699,1643,1184
1700,1673,1330
1701,1249,1245
1702,320,1538
1703,48,163
1704,187,608
1705,501,623
1706,774,893
1707,417,96
1708,1589,183
1709,92,1043
1710,1575,1662
1711,1272,1648
1712,569,1003
1713,1191,1222
1714,1382,933
1715,1257,362
1716,1369,1162
1717,22,1267
1718,715,591
1719,1165,1629
1720,187,631
1721,1215,126
1722,1488,518
1723,407,658
1724,734,1112
1725,1626,480
1726,1589,1216
1727,1234,596
1728,637,1437
1729,171,1664
1730,1062,1047
1731,361,819
1732,674,1
1733,73,795
1734,227,904
1735,362,1078
1736,1089,463
1737,1503,796
1738,1072,113
1739,305,243
1740,206,85
1741,108,189
1742,1426,224
1743,1552,547
1744,990,267
1745,622,674
1746,1698,1396
1747,1099,627
1748,735,850
1749,1202,46
1750,922,196
1751,63,1090
1752,155,52
1753,17,944
1754,1308,901
1755,784,940
1756,1583,1319
1757,48,1619
1758,738,1338
1759,21,1633
1760,414,1137
1761,1023,966
1762,744,924
1763,270,1201
1764,766,720
1765,1714,1724
1766,1184,348
1767,300,314
1768,478,1370
1769,668,405
1770,967,1533
1771,180,1372
1772,997,1753
1773,1590,7
1774,746,1095
1775,808,867
1776,371,1714
1777,485,491
1778,1224,1178
1779,914,1088
1780,1053,1235
1781,1071,87
1782,1528,40
1783,1032,1711
1784,768,981
1785,1402,1422
1786,681,1290
1787,78,111
1788,781,737
1789,520,496
1790,1619,703
1791,1001,1023
1792,40,1173
1793,923,1093
1794,197,569
1795,890,1706
1796,963,1368
1797,1659,841
1798,232,1203
1799,1180,78
1800,626,1188
1801,400,720
1802,1627,498
1803,263,125
1804,952,1757
1805,1548,1445
1806,362,1163
1807,1303,1645
1808,1671,1568
1809,506,1575
1810,1329,154
1811,19,990
1812,177,857
1813,492,1681
1814,959,638
1815,248,1298
1816,1476,115
1817,608,559
1818,1610,1745
1819,1549,1125
1820,335,142
1821,1565,891
1822,1589,1709
1823,197,466
1824,352,88
1825,1429,1678
1826,800,264
1827,593,1053
1828,437,1686
1829,1573,1223
1830,713,104
1831,391,935
1832,1075,722
1833,1426,107
1834,1210,1588
1835,468,103
1836,838,1744
1837,954,1718
1838,498,1268
1839,546,1340
1840,970,3
1841,156,1713
1842,17,458
1843,1172,295
1844,224,140
1845,1391,942
1846,903,350
1847,926,455
1848,83,1364
1849,943,1361
1850,1213,1698
1851,721,1635
1852,1502,206
1853,1792,260
1854,856,396
1855,101,1677
1856,909,152
1857,112,1232
1858,37,1748
1859,643,1381
1860,1627,1362
1861,1415,1614
1862,1436,20
1863,725,1834
1864,199,1350
1865,803,822
1866,203,494
1867,1831,630
1868,276,884
1869,363,90
1870,332,41
1871,985,1827
1872,310,895
1873,1862,1731
1874,84,1305
1875,1761,1810
1876,1402,1509
1877,374,1505
1878,1818,298
1879,561,820
1880,1096,669
1881,1759,200
1882,1741,657
1883,1216,1684
1884,566,1196
1885,1263,495
1886,1163,550
1887,1384,1197
1888,605,1224
1889,1227,914
1890,72,474
1891,1111,1476
1892,929,441
1893,218,803
1894,58,1415
1895,962,793
1896,1113,289
1897,1528,1309
1898,832,743
1899,845,630
1900,860,703
1901,1166,1149
1902,602,1831
1903,1174,663
1904,1361,366
1905,1796,1478
1906,1154,1841
1907,1253,851
1908,920,1864
1909,1800,1072
1910,431,1233
1911,1094,507
1912,481,1149
1913,189,432
1914,80,1852
1915,217,1723
1916,179,682
1917,1538,1716
1918,124,1298
1919,380,733
1920,654,254
1921,1886,1900
1922,805,1464
1923,1841,1631
1924,1779,428
1925,1146,343
1926,476,1670
1927,158,1848
1928,1445,582
1929,1458,915
1930,429,253
1931,1300,1535
1932,612,572
1933,1032,1569
1934,1824,1545
1935,601,798
1936,55,1458
1937,900,997
1938,889,580
1939,1313,89
1940,731,1745
1941,274,942
1942,236,498
1943,1357,1146
1944,1756,1
1945,1177,1769
1946,927,1005
1947,1064,1225
1948,1161,1877
1949,282,1375
1950,1467,848
1951,1904,571
1952,608,808
1953,248,1159
1954,1887,848
1955,1352,303
1956,1728,597
1957,93,420
1958,1547,949
1959,1621,962
1960,579,483
1961,909,429
1962,1600,158
1963,1186,914
1964,1126,1352
1965,1184,1123
1966,497,1859
1967,1439,1185
1968,90,296
1969,1287,883
1970,913,872
1971,1380,1268
1972,519,319
1973,730,383
1974,1731,399
1975,1323,1063
1976,1603,1825
1977,1866,475
1978,419,274
1979,1833,766
1980,16,1253
1981,1389,1413
1982,41,1500
1983,939,1593
1984,1323,1168
1985,1593,1375
1986,118,1939
1987,1300,748
1988,637,720
1989,493,1931
1990,89,1098
1991,436,207
1992,1322,482
1993,54,1271
1994,1554,843
1995,286,305
1996,1993,619
1997,1557,1810
1998,1128,178
1999,152,1375
2000,325,387
2001,1025,1056
2002,1414,1640
2003,1735,519
2004,1047,1114
2005,1471,1947
2006,1114,77
2007,1103,1714
2008,335,1966
2009,1630,655
2010,702,380
2011,14,111
2012,1102,111
2013,1587,1974
2014,28,1238
2015,1667,1181
2016,672,741
2017,1846,1374
2018,1558,1062
2019,707,1985
2020,1890,7
2021,541,1520
2022,284,1262
2023,1098,724
2024,1404,603
2025,464,897
2026,1832,1590
2027,59,1123
2028,1210,1444
2029,1000,1091
2030,267,885
2031,972,1220
2032,507,1609
2033,1073,716
2034,176,296
2035,1593,609
2036,800,1712
2037,476,1625
2038,1105,342
2039,382,772
2040,1588,1849
2041,1982,1767
2042,1283,330
2043,1172,500
2044,440,1091
2045,731,1075
2046,1440,1456
2047,989,1818
